0.680000000000000
0.320000000000000
0.265000000000000
0.690000000000000
0.150000000000000
0.060000000000000
0.312713000000000
0.329060000000000
0.4545454545
0
10
0
0
0
0
0
1
0
0
0
1
0
0
0
1
0
0
0
1
0
0
0
0
0
0
0
0
0
0
0
0
0
0
0
0
0
0
0
0.100000000000000
0.100000000000000
0.050000000000000
0
0.100000000000000
0.100000000000000
0.050000000000000
0
0
0
0
0
1
0
0
0
0.500000000000000
0.500000000000000
0.500000000000000
0.500000000000000
3
0
0
0
0.86404334
0.21918643
-0.08322978
0
0.02060254
0.78967024
0.01372213
0
-0.0061749
-0.04198419
0.33686702
0
0.94381871
0.02043106
0.00962192
0
0.00174953
0.93692571
-0.00251259
0
0.00026381
0.00495781
0.99477838
0
0.71542308
-0.0186025
0.04437638
0
-0.00211544
0.72182009
-0.00930484
0
0.00232613
0.02260872
0.97506515
0
0
0
0
0
2.40000000000000
0
0
0
1.0000
420
151
1000
0.125
1.5
0.33333
0
0
0
1
0
0
1
0
0
0
0
0
0
0
0
0
0
0
0
0
0
0
0
0
0
0
0
0
0
0
0
0
0
0
0
0
0
0
0
0
0
0
0
0
0
0
0
0
0
0
0
0
0
0
0
0
0
0
0
0
0
0
0
0
0
0
0
0
0
0
0
0
0
0.11
2.6
0
0.3
0
0
0.640000000000000
0.330000000000000
0.300000000000000
0.600000000000000
0.150000000000000
0.060000000000000
0.312713000000000
0.329060000000000
0.4545454545
0
3
3
2.5
2.5
10
5
0.1
1.15
0.23
1.55
0
0.9
0.1
0.1
90
265
0.35
0.143
-30
14
2
2
-0.5
1.5
0
1
