0.6890
0.3110
0.2420
0.7120
0.1360
0.0480
0.3000
0.3100
0.4166666667
0
10
0
0
0
0
0
1
0
0
0
1
0
0
0
1
0
0
0
1
0
0
0
0
0
0
0
0
0
0
0
0
0
0
0
0
0
0
0
0.100000000000000
0.100000000000000
0.050000000000000
0
0.100000000000000
0.100000000000000
0.050000000000000
0
0
0
0
0
1
0
0
0
0.500000000000000
0.500000000000000
0.500000000000000
0.500000000000000
3
0
0
0
0.99226391
-0.02221344
-0.00785688
0
-0.00192777
0.99976417
0.0021636
0
-0.00016104
-0.00406094
0.95185874
0
1
0
0
0
0
1
0
0
0
0
1
0
0.95480109
0.02245183
0.00795589
0
0.00194831
0.94722037
-0.00219002
0
0.00016348
0.00411202
0.9957245
0
0
0
0
0
2.40000000000000
0
0
0
1.0000
420
151
1000
0.125
1.5
0.33333
1
0
2
1
1
0
1
0
0
0
0
0
0
0
0
0
0
0
0
0
0
0
0
0
0
0
0
0
0
0
0
0
0
0
0
0
0
0
0
0
0
0
0
0
0
0
0
0
0
0
0
0
0
0
0
0
0
0
0
0
0
0
0
0
0
0
0
0
0
0
0
0
0
0.11
2.6
0
0.3
0
0
0.640000000000000
0.330000000000000
0.300000000000000
0.600000000000000
0.150000000000000
0.060000000000000
0.312713000000000
0.329060000000000
0.4545454545
0
3
3
2.5
2.5
10
5
0.1
1.15
0.23
1.55
0
0.9
0.1
0.1
90
265
0.35
0.143
-30
14
2
2
-0.5
1.5
0
1
