3648            
4               
11              
0               
0               
11              
17408           
0               
0               
0               
1025            
32              
2               
6               
0               
1               

// Volume Independent Parameters
1               
0               
0               
0               
0               
0               
0               
0               
0               
1               
20              
5               
50              
100             
-96             
-70             
-55             
-30             
0               
-96             
-70             
-48             
-23             
-13             
1               
2               
32              
32              
32              
32              
32              
32              
32              
32              
32              
32              
32              
32              
32              
32              
32              
32              
32              
32              
32              
32              
32              
32              
32              
32              
32              
32              
32              
32              
32              
32              
32              
32              
32              
32              
32              
32              
32              
32              
32              
32              
32              
32              
32              
32              
32              
32              
32              
32              
32              
32              
32              
32              
32              
32              
32              
32              
32              
32              
32              
32              
32              
32              
32              
32              
32              
32              
32              
32              
32              
32              
32              
32              
32              
32              
32              
32              
32              
32              
32              
32              
32              
32              
32              
32              
32              
32              
32              
32              
32              
32              
32              
32              
32              
32              
32              
32              
32              
32              
32              
32              
32              
32              
32              
32              
32              
32              
32              
32              
32              
32              
32              
32              
32              
32              
32              
32              
32              
32              
32              
32              
32              
32              
32              
32              
32              
32              
32              
32              
32              
32              
32              
32              
32              
32              
32              
32              
32              
32              
32              
32              
32              
32              
32              
32              
32              
32              
32              
32              
32              
32              
32              
32              
32              
32              
32              
32              
32              
32              
32              
32              
32              
32              
32              
32              
32              
32              
32              
32              
32              
32              
32              
32              
32              
32              
32              
32              
32              
32              
32              
32              
32              
32              
32              
32              
32              
32              
32              
32              
32              
32              
32              
32              
32              
32              
32              
32              
32              
32              
32              
32              
32              
32              
32              
32              
32              
32              
32              
32              
32              
32              
32              
32              
32              
32              
32              
32              
32              
32              
32              
32              
32              
32              
32              
32              
32              
32              
32              
32              
32              
32              
32              
32              
32              
32              
32              
32              
32              
32              
32              
32              
32              
32              
32              
32              
32              
32              
32              
32              
32              
32              
32              
32              
32              
32              
32              
32              
32              
32              
32              
32              
32              
32              
32              
32              
32              
32              
32              
32              
32              
32              
32              
32              
32              
32              
32              
32              
32              
32              
32              
32              
32              
32              
32              
32              
32              
32              
32              
32              
32              
32              
32              
32              
32              
32              
32              
32              
32              
32              
32              
32              
32              
32              
32              
32              
32              
32              
32              
32              
32              
32              
32              
32              
32              
32              
32              
32              
32              
32              
32              
32              
32              
32              
32              
32              
32              
32              
32              
32              
32              
32              
32              
32              
32              
32              
32              
32              
32              
32              
32              
32              
32              
32              
32              
32              
32              
32              
32              
32              
32              
32              
32              
32              
32              
32              
32              
32              
32              
32              
32              
32              
32              
32              
32              
32              
32              
32              
32              
32              
32              
32              
32              
32              
32              
32              
32              
32              
32              
32              
32              
32              
32              
32              
32              
32              
32              
32              
32              
32              
32              
32              
32              
32              
32              
32              
32              
32              
32              
32              
32              
32              
32              
32              
32              
32              
32              
32              
32              
32              
32              
32              
32              
32              
32              
32              
32              
32              
32              
32              
32              
32              
32              
32              
32              
32              
32              
32              
32              
32              
32              
32              
32              
32              
32              
32              
32              
32              
32              
32              
32              
32              
32              
32              
32              
32              
32              
32              
32              
32              
32              
32              
32              
32              
32              
32              
32              
32              
32              
32              
32              
32              
32              
32              
32              
32              
32              
32              
32              
32              
32              
32              
32              
32              
32              
32              
32              
32              
32              
32              
32              
32              
32              
32              
32              
32              
32              
32              
32              
32              
32              
32              
32              
32              
32              
32              
32              
32              
32              
32              
32              
32              
32              
32              
32              
32              
32              
32              
32              
32              
32              
32              
32              
32              
32              
32              
32              
32              
32              
32              
32              
32              
32              
32              
32              
32              
32              
32              
32              
32              
32              
32              
32              
32              
32              
32              
32              
32              
32              
32              
32              
32              
32              
32              
32              
32              
32              
32              
32              
32              
32              
32              
32              
32              
32              
32              
32              
32              
32              
32              
32              
32              
32              
32              
32              
32              
32              
32              
32              
32              
32              
32              
32              
32              
32              
32              
32              
32              
32              
32              
32              
32              
32              
32              
32              
32              
32              
32              
32              
32              
32              
32              
32              
32              
32              
32              
32              
32              
32              
32              
32              
32              
32              
32              
32              
32              
32              
32              
32              
32              
32              
32              
32              
32              
32              
32              
32              
32              
32              
32              
32              
32              
32              
32              
32              
32              
32              
32              
32              
32              
32              
32              
32              
32              
32              
32              
32              
32              
32              
32              
32              
32              
32              
32              
32              
32              
32              
32              
32              
32              
32              
32              
32              
32              
32              
32              
32              
32              
32              
32              
32              
32              
32              
32              
32              
32              
32              
32              
32              
32              
32              
32              
32              
32              
32              
32              
32              
32              
32              
32              
32              
32              
32              
32              
32              
32              
32              
32              
32              
32              
32              
32              
32              
32              
32              
32              
32              
32              
32              
32              
32              
32              
32              
32              
32              
32              
32              
32              
32              
32              
32              
32              
32              
32              
32              
32              
32              
32              
32              
32              
32              
32              
32              
32              
32              
32              
32              
32              
32              
32              
32              
32              
32              
32              
32              
32              
32              
32              
32              
32              
32              
32              
32              
32              
32              
32              
32              
32              
32              
32              
32              
32              
32              
32              
32              
32              
32              
32              
32              
32              
32              
32              
32              
32              
32              
32              
32              
32              
32              
32              
32              
32              
32              
32              
32              
32              
32              
32              
32              
32              
32              
32              
32              
32              
32              
32              
32              
32              
32              
32              
32              
32              
32              
32              
32              
32              
32              
32              
32              
32              
32              
32              
32              
32              
32              
32              
32              
32              
32              
32              
32              
32              
32              
32              
32              
32              
32              
32              
32              
32              
32              
32              
32              
32              
32              
32              
32              
32              
32              
32              
32              
32              
32              
32              
32              
32              
32              
32              
32              
32              
32              
32              
32              
32              
32              
32              
32              
32              
32              
32              
32              
32              
32              
32              
32              
32              
32              
32              
32              
32              
32              
32              
32              
32              
32              
32              
32              
32              
32              
32              
32              
32              
32              
32              
32              
32              
32              
32              
32              
32              
32              
32              
32              
32              
32              
32              
32              
32              
32              
32              
32              
32              
32              
32              
32              
32              
32              
32              
32              
32              
32              
32              
32              
32              
32              
32              
32              
32              
32              
32              
32              
32              
32              
32              
32              
32              
32              
32              
32              
32              
32              
32              
32              
32              
32              
32              
32              
32              
32              
32              
32              
32              
32              
32              
32              
32              
32              
32              
32              
32              
32              
32              
32              
32              
32              
32              
32              
32              
32              
32              
32              
32              
32              
32              
32              
32              
32              
32              
32              
32              
32              
32              
32              
32              
32              
32              
32              
32              
32              
32              
32              
32              
32              
32              
32              
32              
32              
32              
32              
32              
32              
32              
32              
32              
32              
32              
32              
32              
32              
32              
32              
32              
32              
32              
32              
32              
32              
32              
32              
32              
32              
32              
32              
32              
32              
32              
32              
32              
32              
32              
32              
32              
32              
32              
32              
32              
32              
32              
32              
32              
32              
32              
32              
32              
32              
32              
32              
32              
32              
32              
32              
32              
32              
32              
32              
32              
32              
32              
32              
32              
32              
32              
32              
32              
32              
32              
32              
32              
32              
32              
32              
32              
32              
32              
32              
32              
32              
32              
32              
32              
32              
32              
32              
32              
32              
32              
32              
32              
32              
32              
32              
32              
32              
32              
32              
32              
32              
32              
32              
32              
32              
32              
32              
32              
32              
32              
32              
32              
32              
32              
32              
32              
32              
32              
32              
32              
32              
32              
32              
32              
32              
32              
32              
32              
32              
32              
32              
32              
32              
32              
32              
32              
32              
32              
32              
32              
32              
32              
32              
32              
32              
32              
32              
32              
32              
32              
32              
32              
32              
32              
32              
32              
32              
32              
32              
32              
32              
32              
32              
32              
32              
32              
32              
32              
32              
32              
32              
32              
32              
32              
32              
32              
32              
32              
32              
32              
32              
32              
32              
32              
32              
32              
32              
32              
32              
32              
32              
32              
32              
32              
32              
32              
32              
32              
32              
32              
32              
32              
32              
32              
32              
32              
32              
32              
32              
32              
32              
32              
32              
32              
32              
32              
32              
32              
32              
32              
32              
32              
32              
32              
32              
32              
32              
32              
32              
32              
32              
32              
32              
32              
32              
32              
32              
32              
32              
32              
32              
32              
32              
32              
32              
32              
32              
32              
32              
32              
32              
32              
32              
32              
32              
32              
32              
32              
32              
32              
32              
32              
32              
32              
32              
32              
32              
32              
32              
32              
32              
32              
32              
32              
32              
32              
32              
32              
32              
32              
32              
32              
32              
32              
32              
32              
32              
32              
32              
32              
32              
32              
32              
32              
32              
32              
32              
32              
32              
32              
32              
32              
32              
32              
32              
32              
32              
32              
32              
32              
32              
32              
32              
32              
32              
32              
32              
32              
32              
32              
32              
32              
32              
32              
32              
32              
32              
32              
32              
32              
32              
32              
32              
32              
32              
32              
32              
32              
32              
32              
32              
32              
32              
32              
32              
32              
32              
32              
32              
32              
32              
32              
32              
32              
32              
32              
32              
32              
32              
32              
32              
32              
32              
32              
32              
32              
32              
32              
32              
32              
32              
32              
32              
32              
32              
32              
32              
32              
32              
32              
32              
32              
32              
32              
32              
32              
32              
32              
32              
32              
32              
32              
32              
32              
32              
32              
32              
32              
32              
32              
32              
32              
32              
32              
32              
32              
32              
32              
32              
32              
32              
32              
32              
32              
32              
32              
32              
32              
32              
32              
32              
32              
32              
32              
32              
32              
32              
32              
32              
32              
32              
32              
32              
32              
32              
32              
32              
32              
32              
32              
32              
32              
32              
32              
32              
32              
32              
32              
32              
32              
32              
32              
32              
32              
32              
32              
32              
32              
32              
32              
32              
32              
32              
32              
32              
32              
32              
32              
32              
32              
32              
32              
32              
32              
32              
32              
32              
32              
32              
32              
32              
32              
32              
32              
32              
32              
32              
32              
32              
32              
32              
32              
32              
32              
32              
32              
32              
32              
32              
32              
32              
32              
32              
32              
32              
32              
32              
32              
32              
32              
32              
32              
32              
32              
32              
32              
32              
32              
32              
32              
32              
32              
32              
32              
32              
32              
32              
32              
32              
32              
32              
32              
32              
32              
32              
32              
32              
32              
32              
32              
32              
32              
32              
32              
32              
32              
32              
32              
32              
32              
32              
32              
32              
32              
32              
32              
32              
32              
32              
32              
32              
32              
32              
32              
32              
32              
32              
32              
32              
32              
32              
32              
32              
32              
32              
32              
32              
32              
32              
32              
32              
32              
32              
32              
32              
32              
32              
32              
32              
32              
32              
32              
32              
32              
32              
32              
32              
32              
32              
32              
32              
32              
32              
32              
32              
32              
32              
32              
32              
32              
32              
32              
32              
32              
32              
32              
32              
32              
32              
32              
32              
32              
32              
32              
32              
32              
32              
32              
32              
32              
32              
32              
32              
32              
32              
32              
32              
32              
32              
32              
32              
32              
32              
32              
32              
32              
32              
32              
32              
32              
32              
32              
32              
32              
32              
32              
32              
32              
32              
32              
32              
32              
32              
32              
32              
32              
32              
32              
32              
32              
32              
32              
32              
32              
32              
32              
32              
32              
32              
32              
32              
32              
32              
32              
32              
32              
32              
32              
32              
32              
32              
32              
32              
32              
32              
32              
32              
32              
32              
32              
32              
32              
32              
32              
32              
32              
32              
32              
32              
32              
32              
32              
32              
32              
32              
32              
32              
32              
32              
32              
32              
32              
32              
32              
32              
32              
32              
32              
32              
32              
32              
32              
32              
32              
32              
32              
32              
32              
32              
32              
32              
32              
32              
32              
32              
32              
32              
32              
32              
32              
32              
32              
32              
32              
32              
32              
32              
32              
32              
32              
32              
32              
32              
32              
32              
32              
32              
32              
32              
32              
32              
32              
32              
32              
32              
32              
32              
32              
32              
32              
32              
32              
32              
32              
32              
32              
32              
32              
32              
32              
32              
32              
32              
32              
32              
32              
32              
32              
32              
32              
32              
32              
32              
32              
32              
32              
32              
32              
32              
32              
32              
32              
32              
32              
32              
32              
32              
32              
32              
32              
32              
32              
32              
32              
32              
32              
32              
32              
32              
32              
32              
32              
32              
32              
32              
32              
32              
32              
32              
32              
32              
32              
32              
32              
32              
32              
32              
32              
32              
32              
32              
32              
32              
32              
32              
32              
32              
32              
32              
32              
32              
32              
32              
32              
32              
32              
32              
32              
32              
32              
32              
32              
32              
32              
32              
32              
32              
32              
32              
32              
32              
32              
32              
32              
32              
32              
32              
32              
32              
32              
32              
32              
32              
32              
32              
32              
32              
32              
32              
32              
32              
32              
32              
32              
32              
32              
32              
32              
32              
32              
32              
32              
32              
32              
32              
32              
32              
32              
32              
32              
32              
32              
32              
32              
32              
32              
32              
32              
32              
32              
32              
32              
32              
32              
32              
32              
32              
32              
32              
32              
32              
32              
32              
32              
32              
32              
32              
32              
32              
32              
32              
32              
32              
32              
32              
32              
32              
32              
32              
32              
32              
32              
32              
32              
32              
32              
32              
32              
32              
32              
32              
32              
32              
32              
32              
32              
32              
32              
32              
32              
32              
32              
32              
32              
32              
32              
32              
32              
32              
32              
32              
32              
32              
32              
32              
32              
32              
32              
32              
32              
32              
32              
32              
32              
32              
32              
32              
32              
32              
32              
32              
32              
32              
32              
32              
32              
32              
32              
32              
32              
32              
32              
32              
32              
32              
32              
32              
32              
32              
32              
32              
32              
32              
32              
32              
32              
32              
32              
32              
32              
32              
32              
32              
32              
32              
32              
32              
32              
32              
32              
32              
32              
32              
32              
32              
32              
32              
32              
32              
32              
32              
32              
32              
32              
32              
32              
32              
32              
32              
32              
32              
32              
32              
32              
32              
32              
32              
32              
32              
32              
32              
32              
32              
32              
32              
32              
32              
32              
32              
32              
32              
32              
32              
32              
32              
32              
32              
32              
32              
32              
32              
32              
32              
32              
32              
32              
32              
32              
32              
32              
32              
32              
32              
32              
32              
32              
32              
32              
32              
32              
32              
32              
32              
32              
32              
32              
32              
32              
32              
32              
32              
32              
32              
32              
32              
32              
32              
32              
32              
32              
32              
32              
32              
32              
32              
32              
32              
32              
32              
32              
32              
32              
32              
32              
32              
32              
32              
32              
32              
32              
32              
32              
32              
32              
32              
32              
32              
32              
32              
32              
32              
32              
32              
32              
32              
32              
32              
32              
32              
32              
32              
32              
32              
32              
32              
32              
32              
32              
32              
32              
32              
32              
32              
32              
32              
32              
32              
32              
32              
32              
32              
32              
32              
32              
32              
32              
32              
32              
32              
32              
32              
32              
32              
32              
32              
32              
32              
32              
32              
32              
32              
32              
32              
32              
32              
32              
32              
32              
32              
32              
32              
32              
32              
32              
32              
32              
32              
32              
32              
32              
32              
32              
32              
32              
32              
32              
32              
32              
32              
32              
32              
32              
32              
32              
32              
32              
32              
32              
32              
32              
32              
32              
32              
32              
32              
32              
32              
32              
32              
32              
32              
32              
32              
32              
32              
32              
32              
32              
32              
32              
32              
32              
32              
32              
32              
32              
32              
32              
32              
32              
32              
32              
32              
32              
32              
32              
32              
32              
32              
32              
32              
32              
32              
32              
32              
32              
32              
32              
32              
32              
32              
32              
32              
32              
32              
32              
32              
32              
32              
32              
32              
32              
32              
32              
32              
32              
32              
32              
32              
32              
32              
32              
32              
32              
32              
32              
32              
32              
32              
32              
32              
32              
32              
32              
32              
32              
0               
70              
70              
-6              
-6              
-48             
-48             
0               
32767           
33              
40              
100             
1               
-9              
-9              
32767           
-20             
20              
-74             
-70             
-75             
-78             
-82             
-86             
-88             
-89             
-86             
-92             
-90             
-90             
-94             
-94             
-95             
-96             
-96             
-97             
-95             
-96             
-98             
-97             
-97             
-96             
-96             
-99             
-98             
-98             
-100            
-100            
-99             
-100            
-100            
-100            
-99             
-101            
-101            
-100            
-100            
-99             
-101            
-101            
-102            
-102            
-102            
-101            
-102            
-103            
-103            
-104            
-102            
-103            
-103            
-102            
-103            
-103            
-103            
-103            
-103            
-104            
-104            
-104            
-103            
-103            
-104            
-105            
-103            
-103            
-105            
-103            
-104            
-105            
-104            
-104            
-104            
-103            
-105            
-105            
-104            
-104            
-106            
-105            
-105            
-104            
-105            
-106            
-105            
-105            
-106            
-105            
-104            
-105            
-104            
-104            
-104            
-105            
-104            
-105            
-105            
-105            
-106            
-105            
-108            
-106            
-105            
-106            
-106            
-105            
-106            
-106            
-107            
-106            
-106            
-106            
-106            
-106            
-107            
-106            
-106            
-108            
-106            
-106            
-106            
-106            
-106            
-106            
-106            
-106            
-106            
-107            
-106            
-106            
-106            
-106            
-107            
-106            
-107            
-108            
-107            
-106            
-107            
-106            
-107            
-106            
-107            
-108            
-108            
-107            
-107            
-105            
-107            
-108            
-108            
-108            
-108            
-107            
-106            
-107            
-108            
-107            
-105            
-106            
-107            
-108            
-108            
-109            
-108            
-109            
-108            
-110            
-108            
-107            
-107            
-108            
-107            
-107            
-107            
-107            
-107            
-108            
-108            
-108            
-109            
-108            
-109            
-107            
-108            
-109            
-108            
-109            
-110            
-109            
-108            
-110            
-109            
-108            
-109            
-109            
-108            
-107            
-109            
-110            
-108            
-107            
-108            
-109            
-110            
-109            
-108            
-109            
-110            
-110            
-109            
-109            
-109            
-109            
-110            
-110            
-109            
-108            
-108            
-109            
-108            
-109            
-108            
-107            
-108            
-109            
-108            
-108            
-107            
-109            
-110            
-110            
-110            
-110            
-110            
-110            
-109            
-109            
-110            
-110            
-110            
-110            
-109            
-108            
-109            
-110            
-109            
-109            
-110            
-110            
-109            
-110            
-109            
-109            
-107            
-109            
-109            
-109            
-110            
-110            
-110            
-110            
-110            
-109            
-108            
-109            
-110            
-109            
-109            
-109            
-109            
-109            
-109            
-109            
-109            
-108            
-110            
-110            
-110            
-110            
-110            
-109            
-110            
-108            
-110            
-109            
-107            
-108            
-109            
-110            
-111            
-110            
-112            
-110            
-109            
-110            
-110            
-109            
-110            
-109            
-109            
-109            
-111            
-110            
-110            
-110            
-110            
-110            
-111            
-109            
-110            
-109            
-109            
-110            
-110            
-109            
-109            
-111            
-109            
-110            
-111            
-109            
-111            
-110            
-111            
-111            
-110            
-110            
-109            
-109            
-110            
-111            
-111            
-110            
-111            
-111            
-111            
-110            
-110            
-110            
-110            
-110            
-111            
-111            
-111            
-110            
-110            
-110            
-110            
-110            
-109            
-111            
-111            
-112            
-110            
-109            
-110            
-112            
-111            
-110            
-110            
-111            
-110            
-111            
-111            
-112            
-110            
-112            
-110            
-110            
-110            
-109            
-110            
-111            
-111            
-110            
-109            
-110            
-111            
-111            
-110            
-110            
-110            
-111            
-111            
-111            
-110            
-110            
-110            
-110            
-110            
-109            
-109            
-110            
-111            
-112            
-113            
-111            
-110            
-112            
-111            
-110            
-112            
-111            
-110            
-110            
-110            
-110            
-111            
-112            
-112            
-110            
-110            
-111            
-112            
-112            
-112            
-110            
-110            
-110            
-110            
-110            
-111            
-111            
-111            
-110            
-111            
-111            
-111            
-111            
-110            
-110            
-111            
-110            
-110            
-110            
-110            
-111            
-112            
-111            
-111            
-110            
-110            
-109            
-109            
-110            
-110            
-110            
-109            
-110            
-111            
-112            
-112            
-111            
-110            
-110            
-111            
-110            
-111            
-111            
-110            
-110            
-112            
-111            
-111            
-111            
-111            
-111            
-111            
-112            
-110            
-112            
-112            
-111            
-111            
-112            
-111            
-111            
-112            
-112            
-110            
-111            
-112            
-111            
-111            
-111            
-110            
-111            
-111            
-111            
-111            
-111            
-112            
-110            
-110            
-112            
-112            
-112            
-111            
-110            
-110            
-110            
-111            
-111            
-112            
-112            
-113            
-115            
-115            
-114            
-116            
-75             
-70             
-75             
-78             
-83             
-86             
-88             
-89             
-86             
-92             
-90             
-90             
-94             
-94             
-95             
-96             
-96             
-97             
-96             
-96             
-97             
-97             
-98             
-96             
-96             
-99             
-98             
-98             
-100            
-100            
-100            
-101            
-100            
-100            
-99             
-101            
-101            
-100            
-100            
-100            
-101            
-101            
-102            
-102            
-102            
-101            
-102            
-103            
-103            
-104            
-102            
-103            
-103            
-102            
-103            
-103            
-104            
-102            
-103            
-104            
-103            
-104            
-103            
-103            
-103            
-105            
-103            
-104            
-105            
-104            
-104            
-105            
-105            
-104            
-103            
-103            
-105            
-105            
-104            
-103            
-105            
-105            
-105            
-105            
-106            
-106            
-105            
-105            
-106            
-105            
-106            
-105            
-104            
-105            
-105            
-105            
-105            
-105            
-106            
-105            
-106            
-105            
-106            
-106            
-105            
-106            
-106            
-105            
-105            
-106            
-108            
-106            
-106            
-106            
-107            
-106            
-107            
-106            
-106            
-108            
-106            
-106            
-106            
-106            
-107            
-106            
-106            
-106            
-105            
-107            
-105            
-106            
-105            
-106            
-106            
-106            
-107            
-107            
-107            
-106            
-108            
-107            
-107            
-107            
-106            
-107            
-109            
-107            
-107            
-106            
-107            
-108            
-107            
-108            
-108            
-107            
-106            
-107            
-108            
-107            
-106            
-107            
-108            
-108            
-109            
-109            
-109            
-108            
-107            
-108            
-107            
-107            
-107            
-107            
-108            
-107            
-108            
-107            
-107            
-108            
-108            
-108            
-109            
-108            
-109            
-108            
-107            
-109            
-108            
-109            
-109            
-108            
-108            
-109            
-109            
-109            
-110            
-110            
-108            
-108            
-109            
-110            
-108            
-107            
-107            
-108            
-109            
-109            
-109            
-109            
-109            
-109            
-108            
-109            
-109            
-109            
-109            
-110            
-109            
-108            
-109            
-109            
-109            
-108            
-108            
-108            
-109            
-109            
-108            
-108            
-109            
-109            
-110            
-110            
-109            
-109            
-108            
-110            
-109            
-109            
-109            
-110            
-111            
-110            
-110            
-109            
-110            
-110            
-110            
-109            
-109            
-110            
-109            
-109            
-109            
-110            
-107            
-110            
-110            
-109            
-109            
-109            
-111            
-111            
-111            
-109            
-108            
-109            
-110            
-109            
-110            
-109            
-108            
-109            
-110            
-109            
-109            
-108            
-110            
-110            
-110            
-109            
-110            
-109            
-108            
-109            
-110            
-109            
-108            
-108            
-109            
-108            
-109            
-110            
-110            
-109            
-109            
-111            
-109            
-109            
-110            
-110            
-110            
-109            
-109            
-109            
-111            
-110            
-110            
-111            
-111            
-109            
-110            
-109            
-109            
-110            
-110            
-109            
-109            
-110            
-109            
-110            
-110            
-109            
-111            
-111            
-110            
-111            
-110            
-110            
-111            
-111            
-111            
-111            
-110            
-110            
-110            
-110            
-110            
-110            
-110            
-109            
-110            
-110            
-110            
-110            
-110            
-110            
-111            
-109            
-110            
-109            
-109            
-110            
-111            
-111            
-111            
-110            
-111            
-110            
-111            
-111            
-111            
-111            
-110            
-111            
-111            
-110            
-110            
-110            
-110            
-110            
-110            
-110            
-110            
-111            
-110            
-109            
-109            
-110            
-110            
-110            
-109            
-110            
-111            
-111            
-111            
-111            
-110            
-110            
-109            
-110            
-110            
-109            
-109            
-110            
-112            
-110            
-111            
-111            
-111            
-111            
-111            
-111            
-112            
-110            
-109            
-110            
-110            
-110            
-110            
-112            
-112            
-110            
-109            
-110            
-111            
-111            
-111            
-110            
-110            
-110            
-111            
-111            
-110            
-111            
-111            
-110            
-111            
-110            
-111            
-111            
-111            
-111            
-111            
-111            
-110            
-110            
-110            
-112            
-111            
-110            
-112            
-111            
-110            
-110            
-109            
-110            
-110            
-110            
-109            
-110            
-111            
-110            
-111            
-112            
-110            
-110            
-110            
-111            
-111            
-110            
-111            
-112            
-113            
-111            
-110            
-111            
-112            
-110            
-110            
-111            
-110            
-111            
-112            
-111            
-111            
-111            
-111            
-111            
-110            
-111            
-110            
-111            
-110            
-111            
-112            
-111            
-111            
-112            
-111            
-111            
-112            
-111            
-112            
-113            
-112            
-112            
-111            
-112            
-112            
-111            
-111            
-111            
-112            
-112            
-112            
-111            
-112            
-113            
-115            
-116            
-115            
0               
1638            
655             
9830            
300             
300             
0               
-15             
0               
-4              
0               
-15             
0               
6               
-20             
-3              
2344            
4687            
0               
0               
0               
32767           
0               
-20             
1               
1               
9000            
1               
250             
5               
2560            
6000            
100             
0               
3700            
100             
-6144           
9586            
350             
-8909           
14214           
200             
0               
21641           
150             
0               
20              
96              
0               
20              
96              
0               
20              
96              
0               
20              
96              
0               
20              
96              
2               
0               
200             
100             
-16             
2000            
100             
-16             
0               
2               
1               
20              
4               
0               
20              
0               
0               
10              
2000            
-96             
-85             
-20             
0               
0               
-96             
-85             
-20             
-20             
0               
0               
0               
1               
700             
2               
0               
20              
0               
0               
2000            
2000            
-96             
0               
0               
0               
0               
-96             
0               
0               
0               
0               
1               
0               
1               
20              
2               
1               
20              
0               
0               
10000           
10000           
-96             
0               
0               
0               
0               
-96             
0               
0               
0               
0               
1               
0               
1               
20              
2               
1               
20              
0               
0               
10000           
10000           
-96             
0               
0               
0               
0               
-96             
0               
0               
0               
0               
1               
0               
1               
20              
2               
1               
20              
0               
0               
10000           
10000           
-96             
0               
0               
0               
0               
-96             
0               
0               
0               
0               
1               
0               
1               
20              
5               
0               
20              
0               
0               
300             
10000           
-96             
-38             
-20             
-2              
0               
-96             
-38             
-20             
-18             
-18             
0               
0               
1               
-1              
10              
0               
27233           
30              
0               
0               
0               
0               
0               
0               
0               
0               
165             
0               
0               
0               
0               
0               
0               
0               
0               
1               
2               
1               
-20             
-20             
-40             
-20             
-76             
-31             
0               
15              
96              
86              
6826            
6826            
6826            
6826            
6826            
6826            
6826            
6826            
6826            
6826            

// Volume 0
