3648            
4               
11              
0               
0               
11              
17408           
0               
0               
0               
1025            
32              
2               
6               
0               
1               

// Volume Independent Parameters
1               
0               
0               
0               
0               
0               
0               
0               
0               
1               
20              
4               
100             
10000           
-96             
-46             
-26             
0               
0               
-96             
-46             
-26             
-20             
0               
1               
15              
32              
29              
19              
14              
12              
11              
12              
13              
15              
16              
16              
16              
15              
15              
15              
16              
18              
20              
22              
22              
22              
22              
22              
22              
23              
23              
25              
26              
28              
30              
31              
32              
31              
30              
29              
28              
28              
29              
30              
31              
32              
32              
31              
29              
28              
27              
27              
27              
28              
28              
28              
27              
26              
24              
23              
22              
22              
21              
21              
21              
21              
21              
20              
20              
20              
20              
19              
19              
19              
19              
18              
18              
18              
18              
18              
17              
17              
17              
17              
17              
17              
17              
17              
17              
17              
18              
18              
18              
18              
18              
18              
19              
19              
19              
19              
20              
20              
20              
20              
21              
21              
21              
21              
21              
22              
22              
22              
22              
22              
22              
22              
23              
23              
23              
23              
23              
23              
23              
24              
24              
24              
24              
24              
24              
24              
24              
24              
24              
24              
23              
23              
23              
23              
22              
22              
22              
21              
21              
21              
20              
20              
19              
19              
19              
18              
18              
17              
17              
16              
16              
15              
15              
15              
14              
14              
14              
13              
13              
13              
12              
12              
12              
12              
12              
11              
11              
11              
11              
11              
11              
10              
10              
10              
10              
10              
10              
10              
10              
10              
9               
9               
9               
9               
9               
9               
9               
9               
9               
9               
9               
9               
9               
9               
9               
9               
9               
9               
9               
9               
9               
9               
9               
9               
9               
9               
9               
9               
8               
8               
8               
8               
7               
7               
7               
6               
6               
6               
5               
5               
5               
5               
4               
4               
4               
4               
4               
3               
3               
3               
3               
3               
3               
3               
3               
3               
2               
2               
2               
2               
2               
2               
2               
2               
2               
2               
2               
2               
2               
2               
2               
2               
2               
2               
2               
2               
2               
2               
2               
2               
2               
2               
2               
2               
2               
2               
1               
1               
1               
1               
1               
1               
1               
1               
1               
1               
1               
1               
1               
1               
1               
1               
1               
1               
1               
1               
1               
1               
1               
1               
1               
1               
1               
1               
1               
1               
1               
1               
1               
1               
1               
2               
2               
2               
2               
2               
2               
2               
2               
2               
2               
2               
2               
2               
2               
2               
2               
2               
2               
3               
3               
3               
3               
3               
3               
3               
3               
3               
3               
4               
4               
4               
4               
4               
4               
4               
4               
4               
5               
5               
5               
5               
5               
5               
5               
5               
5               
5               
6               
6               
6               
6               
6               
6               
6               
6               
6               
7               
7               
7               
7               
7               
7               
7               
7               
7               
7               
7               
8               
8               
8               
8               
8               
8               
8               
8               
8               
8               
8               
8               
8               
8               
8               
8               
8               
9               
9               
9               
9               
9               
9               
9               
9               
9               
9               
9               
9               
9               
9               
9               
9               
9               
9               
9               
9               
9               
9               
9               
9               
9               
9               
9               
9               
9               
10              
10              
10              
10              
10              
10              
10              
10              
10              
10              
10              
10              
10              
10              
11              
11              
11              
11              
11              
11              
11              
11              
11              
11              
11              
11              
11              
12              
12              
12              
12              
12              
12              
12              
12              
12              
12              
12              
12              
12              
12              
12              
12              
12              
12              
12              
12              
12              
12              
12              
12              
12              
12              
12              
11              
11              
11              
11              
11              
11              
11              
11              
11              
11              
11              
11              
11              
11              
11              
11              
11              
11              
11              
11              
11              
11              
11              
10              
10              
10              
10              
10              
10              
10              
10              
10              
10              
9               
9               
9               
9               
9               
9               
9               
9               
9               
9               
9               
9               
8               
8               
8               
7               
7               
7               
7               
7               
7               
7               
7               
7               
8               
9               
10              
11              
13              
14              
14              
15              
16              
16              
16              
15              
15              
13              
12              
11              
9               
8               
8               
7               
7               
7               
7               
7               
8               
8               
8               
8               
7               
7               
6               
5               
5               
7               
10              
20              
37              
46              
46              
46              
46              
46              
46              
46              
46              
46              
46              
46              
46              
46              
46              
46              
46              
46              
19              
19              
32              
27              
17              
12              
10              
10              
11              
13              
15              
16              
16              
16              
15              
14              
15              
16              
18              
20              
22              
22              
22              
22              
21              
21              
22              
23              
24              
26              
28              
31              
32              
34              
33              
31              
29              
29              
29              
30              
31              
32              
31              
31              
30              
30              
30              
29              
29              
28              
28              
28              
28              
27              
26              
25              
24              
23              
23              
22              
22              
22              
21              
22              
22              
22              
21              
21              
21              
20              
20              
20              
20              
19              
19              
19              
19              
19              
19              
18              
18              
18              
18              
18              
18              
18              
19              
19              
19              
19              
19              
19              
20              
20              
20              
20              
20              
21              
21              
21              
21              
22              
22              
22              
22              
22              
23              
23              
23              
23              
23              
24              
24              
24              
24              
24              
24              
25              
25              
25              
25              
25              
25              
25              
25              
25              
25              
25              
25              
25              
25              
25              
25              
25              
25              
25              
24              
24              
24              
24              
23              
23              
22              
22              
21              
21              
20              
19              
19              
18              
18              
17              
17              
16              
16              
15              
15              
14              
14              
14              
13              
13              
13              
13              
13              
12              
12              
12              
12              
12              
12              
11              
11              
11              
11              
11              
11              
11              
11              
10              
10              
10              
10              
10              
10              
10              
10              
10              
10              
10              
10              
10              
10              
10              
10              
10              
10              
10              
11              
11              
11              
11              
11              
11              
11              
11              
11              
11              
10              
10              
10              
10              
9               
9               
9               
8               
8               
8               
7               
7               
7               
6               
6               
6               
5               
5               
5               
5               
4               
4               
4               
4               
4               
4               
4               
4               
3               
3               
3               
3               
3               
3               
3               
3               
3               
3               
3               
3               
3               
3               
3               
3               
3               
3               
3               
3               
3               
3               
3               
3               
3               
3               
2               
2               
2               
2               
2               
2               
2               
2               
2               
2               
2               
2               
2               
2               
2               
2               
1               
1               
1               
1               
1               
1               
1               
1               
1               
1               
1               
1               
1               
1               
1               
1               
1               
1               
1               
1               
1               
1               
1               
1               
1               
1               
1               
1               
1               
2               
2               
2               
2               
2               
2               
2               
2               
2               
2               
2               
2               
2               
2               
3               
3               
3               
3               
3               
3               
3               
3               
3               
3               
4               
4               
4               
4               
4               
4               
4               
4               
4               
5               
5               
5               
5               
5               
5               
5               
5               
5               
6               
6               
6               
6               
6               
6               
6               
6               
6               
7               
7               
7               
7               
7               
7               
7               
7               
8               
8               
8               
8               
8               
8               
8               
9               
9               
9               
9               
9               
9               
9               
9               
9               
9               
10              
10              
10              
10              
10              
10              
10              
10              
10              
10              
10              
10              
10              
10              
10              
10              
10              
10              
10              
10              
10              
10              
10              
10              
10              
10              
10              
10              
10              
10              
10              
10              
11              
11              
11              
11              
11              
11              
11              
11              
11              
11              
11              
11              
11              
11              
11              
11              
11              
11              
12              
12              
12              
12              
12              
12              
12              
12              
13              
13              
13              
13              
13              
13              
13              
13              
14              
14              
14              
14              
14              
13              
13              
13              
13              
13              
13              
13              
13              
12              
12              
12              
12              
12              
12              
11              
11              
11              
11              
11              
11              
11              
10              
10              
10              
10              
10              
10              
10              
10              
10              
10              
10              
10              
10              
10              
10              
10              
10              
10              
10              
10              
10              
10              
10              
10              
10              
10              
10              
10              
10              
10              
10              
10              
10              
10              
10              
10              
10              
10              
10              
10              
10              
11              
11              
10              
11              
11              
11              
11              
11              
11              
12              
13              
15              
17              
19              
22              
24              
25              
24              
24              
22              
20              
19              
18              
17              
16              
15              
14              
14              
13              
13              
12              
12              
12              
11              
11              
10              
10              
9               
9               
8               
7               
6               
6               
8               
13              
24              
41              
49              
49              
49              
49              
49              
49              
49              
49              
49              
49              
49              
49              
49              
49              
49              
49              
49              
23              
23              
32              
32              
32              
32              
32              
32              
32              
32              
32              
32              
32              
32              
32              
32              
32              
32              
32              
32              
32              
32              
32              
32              
32              
32              
32              
32              
32              
32              
32              
32              
32              
32              
32              
32              
32              
32              
32              
32              
32              
32              
32              
32              
32              
32              
32              
32              
32              
32              
32              
32              
32              
32              
32              
32              
32              
32              
32              
32              
32              
32              
32              
32              
32              
32              
32              
32              
32              
32              
32              
32              
32              
32              
32              
32              
32              
32              
32              
32              
32              
32              
32              
32              
32              
32              
32              
32              
32              
32              
32              
32              
32              
32              
32              
32              
32              
32              
32              
32              
32              
32              
32              
32              
32              
32              
32              
32              
32              
32              
32              
32              
32              
32              
32              
32              
32              
32              
32              
32              
32              
32              
32              
32              
32              
32              
32              
32              
32              
32              
32              
32              
32              
32              
32              
32              
32              
32              
32              
32              
32              
32              
32              
32              
32              
32              
32              
32              
32              
32              
32              
32              
32              
32              
32              
32              
32              
32              
32              
32              
32              
32              
32              
32              
32              
32              
32              
32              
32              
32              
32              
32              
32              
32              
32              
32              
32              
32              
32              
32              
32              
32              
32              
32              
32              
32              
32              
32              
32              
32              
32              
32              
32              
32              
32              
32              
32              
32              
32              
32              
32              
32              
32              
32              
32              
32              
32              
32              
32              
32              
32              
32              
32              
32              
32              
32              
32              
32              
32              
32              
32              
32              
32              
32              
32              
32              
32              
32              
32              
32              
32              
32              
32              
32              
32              
32              
32              
32              
32              
32              
32              
32              
32              
32              
32              
32              
32              
32              
32              
32              
32              
32              
32              
32              
32              
32              
32              
32              
32              
32              
32              
32              
32              
32              
32              
32              
32              
32              
32              
32              
32              
32              
32              
32              
32              
32              
32              
32              
32              
32              
32              
32              
32              
32              
32              
32              
32              
32              
32              
32              
32              
32              
32              
32              
32              
32              
32              
32              
32              
32              
32              
32              
32              
32              
32              
32              
32              
32              
32              
32              
32              
32              
32              
32              
32              
32              
32              
32              
32              
32              
32              
32              
32              
32              
32              
32              
32              
32              
32              
32              
32              
32              
32              
32              
32              
32              
32              
32              
32              
32              
32              
32              
32              
32              
32              
32              
32              
32              
32              
32              
32              
32              
32              
32              
32              
32              
32              
32              
32              
32              
32              
32              
32              
32              
32              
32              
32              
32              
32              
32              
32              
32              
32              
32              
32              
32              
32              
32              
32              
32              
32              
32              
32              
32              
32              
32              
32              
32              
32              
32              
32              
32              
32              
32              
32              
32              
32              
32              
32              
32              
32              
32              
32              
32              
32              
32              
32              
32              
32              
32              
32              
32              
32              
32              
32              
32              
32              
32              
32              
32              
32              
32              
32              
32              
32              
32              
32              
32              
32              
32              
32              
32              
32              
32              
32              
32              
32              
32              
32              
32              
32              
32              
32              
32              
32              
32              
32              
32              
32              
32              
32              
32              
32              
32              
32              
32              
32              
32              
32              
32              
32              
32              
32              
32              
32              
32              
32              
32              
32              
32              
32              
32              
32              
32              
32              
32              
32              
32              
32              
32              
32              
32              
32              
32              
32              
32              
32              
32              
32              
32              
32              
32              
32              
32              
32              
32              
32              
32              
32              
32              
32              
32              
32              
32              
32              
32              
32              
32              
32              
32              
32              
32              
32              
32              
32              
32              
32              
32              
32              
32              
32              
32              
32              
32              
32              
32              
32              
32              
32              
32              
32              
32              
32              
32              
32              
32              
32              
32              
32              
32              
32              
32              
32              
32              
32              
32              
32              
32              
32              
32              
32              
32              
32              
32              
32              
32              
32              
32              
32              
32              
32              
32              
32              
32              
32              
32              
32              
32              
32              
32              
32              
32              
32              
32              
32              
32              
32              
32              
32              
32              
32              
32              
32              
32              
32              
32              
32              
32              
32              
32              
32              
32              
32              
32              
32              
32              
32              
32              
32              
32              
32              
32              
32              
32              
32              
32              
32              
32              
32              
32              
32              
32              
32              
32              
32              
32              
32              
32              
32              
32              
32              
32              
32              
32              
32              
32              
32              
32              
32              
32              
32              
32              
32              
32              
32              
32              
32              
32              
32              
32              
32              
32              
32              
32              
32              
32              
32              
32              
32              
32              
32              
32              
32              
32              
32              
32              
32              
32              
32              
32              
32              
32              
32              
32              
32              
32              
32              
32              
32              
32              
32              
32              
32              
32              
32              
32              
32              
32              
32              
32              
32              
32              
32              
32              
32              
32              
32              
32              
32              
32              
32              
32              
32              
32              
32              
32              
32              
32              
32              
32              
32              
32              
32              
32              
32              
32              
32              
32              
32              
32              
32              
32              
32              
32              
32              
32              
32              
32              
32              
32              
32              
32              
32              
32              
32              
32              
32              
32              
32              
32              
32              
32              
32              
32              
32              
32              
32              
32              
32              
32              
32              
32              
32              
32              
32              
32              
32              
32              
32              
32              
32              
32              
32              
32              
32              
32              
32              
32              
32              
32              
32              
32              
32              
32              
32              
32              
32              
32              
32              
32              
32              
32              
32              
32              
32              
32              
32              
32              
32              
32              
32              
32              
32              
32              
32              
32              
32              
32              
32              
32              
32              
32              
32              
32              
32              
32              
32              
32              
32              
32              
32              
32              
32              
32              
32              
32              
32              
32              
32              
32              
32              
32              
32              
32              
32              
32              
32              
32              
32              
32              
32              
32              
32              
32              
32              
32              
32              
32              
32              
32              
32              
32              
32              
32              
32              
32              
32              
32              
32              
32              
32              
32              
32              
32              
32              
32              
32              
32              
32              
32              
32              
32              
32              
32              
32              
32              
32              
32              
32              
32              
32              
32              
32              
32              
32              
32              
32              
32              
32              
32              
32              
32              
32              
32              
32              
32              
32              
32              
32              
32              
32              
32              
32              
32              
32              
32              
32              
32              
32              
32              
32              
32              
32              
32              
32              
32              
32              
32              
32              
32              
32              
32              
32              
32              
32              
32              
32              
32              
32              
32              
32              
32              
32              
32              
32              
32              
32              
32              
32              
32              
32              
32              
32              
32              
32              
32              
32              
32              
32              
32              
32              
32              
32              
32              
32              
32              
32              
32              
32              
32              
32              
32              
32              
32              
32              
32              
32              
32              
32              
32              
32              
32              
32              
32              
32              
32              
32              
32              
32              
32              
32              
32              
32              
32              
32              
32              
32              
32              
32              
32              
32              
32              
32              
32              
32              
32              
32              
32              
32              
32              
32              
32              
32              
32              
32              
32              
32              
32              
32              
32              
32              
32              
32              
32              
32              
32              
32              
32              
32              
32              
32              
32              
32              
32              
32              
32              
32              
32              
32              
32              
32              
32              
32              
32              
32              
32              
32              
32              
32              
32              
32              
32              
32              
32              
32              
32              
32              
32              
32              
32              
32              
32              
32              
32              
32              
32              
32              
32              
32              
32              
32              
32              
32              
32              
32              
32              
32              
32              
32              
32              
32              
32              
32              
32              
32              
32              
32              
32              
32              
32              
32              
32              
32              
32              
32              
32              
32              
32              
32              
32              
32              
32              
32              
32              
32              
32              
32              
32              
32              
32              
32              
32              
32              
32              
32              
32              
32              
32              
32              
32              
32              
32              
32              
32              
32              
32              
32              
32              
32              
32              
32              
32              
32              
32              
32              
32              
32              
32              
32              
32              
32              
32              
32              
32              
32              
32              
32              
32              
32              
32              
32              
32              
32              
32              
32              
32              
32              
32              
32              
32              
32              
32              
32              
32              
32              
32              
32              
32              
32              
32              
32              
32              
32              
32              
32              
32              
32              
32              
32              
32              
32              
32              
32              
32              
32              
32              
32              
32              
32              
32              
32              
32              
0               
70              
70              
-6              
-6              
-48             
-48             
0               
32767           
33              
40              
100             
0               
-6              
-6              
14745           
-12             
0               
-78             
-77             
-76             
-83             
-93             
-98             
-101            
-102            
-103            
-104            
-104            
-105            
-106            
-106            
-107            
-107            
-107            
-107            
-108            
-108            
-108            
-109            
-109            
-109            
-109            
-109            
-109            
-110            
-109            
-110            
-110            
-110            
-110            
-110            
-111            
-110            
-111            
-110            
-111            
-111            
-111            
-111            
-111            
-111            
-112            
-112            
-111            
-111            
-112            
-112            
-112            
-112            
-112            
-112            
-112            
-112            
-112            
-112            
-112            
-113            
-113            
-113            
-113            
-113            
-112            
-113            
-113            
-113            
-113            
-113            
-113            
-113            
-113            
-113            
-113            
-113            
-113            
-113            
-114            
-113            
-113            
-113            
-113            
-114            
-113            
-113            
-113            
-114            
-114            
-114            
-114            
-114            
-114            
-114            
-114            
-114            
-114            
-114            
-114            
-114            
-114            
-114            
-114            
-114            
-114            
-114            
-114            
-114            
-114            
-114            
-114            
-114            
-114            
-114            
-114            
-114            
-114            
-115            
-114            
-114            
-114            
-114            
-114            
-114            
-114            
-114            
-114            
-114            
-114            
-114            
-114            
-114            
-115            
-115            
-114            
-115            
-114            
-114            
-114            
-114            
-115            
-115            
-115            
-115            
-114            
-115            
-115            
-114            
-114            
-114            
-115            
-115            
-115            
-114            
-115            
-115            
-115            
-115            
-115            
-115            
-115            
-115            
-115            
-115            
-115            
-115            
-114            
-115            
-115            
-115            
-115            
-115            
-115            
-115            
-115            
-115            
-115            
-115            
-115            
-115            
-115            
-115            
-115            
-115            
-115            
-115            
-115            
-115            
-115            
-115            
-115            
-115            
-115            
-115            
-115            
-114            
-115            
-115            
-115            
-115            
-115            
-115            
-114            
-115            
-115            
-115            
-115            
-115            
-115            
-115            
-115            
-115            
-115            
-115            
-115            
-115            
-115            
-115            
-115            
-115            
-115            
-115            
-115            
-114            
-115            
-115            
-115            
-114            
-115            
-114            
-114            
-114            
-114            
-114            
-114            
-114            
-114            
-114            
-114            
-114            
-114            
-114            
-114            
-114            
-114            
-114            
-114            
-114            
-114            
-114            
-114            
-113            
-114            
-114            
-113            
-113            
-113            
-113            
-113            
-113            
-113            
-113            
-112            
-112            
-112            
-112            
-111            
-111            
-111            
-111            
-111            
-111            
-111            
-110            
-110            
-110            
-110            
-110            
-108            
-109            
-110            
-110            
-109            
-110            
-110            
-110            
-110            
-110            
-110            
-110            
-110            
-111            
-111            
-111            
-111            
-111            
-112            
-112            
-112            
-112            
-113            
-112            
-113            
-113            
-113            
-113            
-113            
-114            
-114            
-114            
-114            
-114            
-114            
-114            
-114            
-114            
-114            
-114            
-114            
-114            
-114            
-114            
-114            
-114            
-114            
-114            
-115            
-115            
-115            
-115            
-115            
-115            
-115            
-115            
-115            
-115            
-115            
-115            
-115            
-115            
-115            
-115            
-115            
-116            
-116            
-115            
-115            
-116            
-116            
-115            
-115            
-115            
-115            
-115            
-115            
-115            
-115            
-115            
-115            
-115            
-115            
-115            
-116            
-115            
-116            
-115            
-115            
-116            
-115            
-115            
-115            
-115            
-115            
-115            
-115            
-115            
-115            
-116            
-115            
-115            
-115            
-116            
-116            
-115            
-116            
-116            
-116            
-115            
-115            
-115            
-115            
-116            
-116            
-115            
-115            
-115            
-115            
-115            
-115            
-115            
-115            
-115            
-115            
-116            
-116            
-116            
-115            
-115            
-115            
-115            
-115            
-116            
-115            
-116            
-115            
-115            
-115            
-115            
-115            
-115            
-115            
-116            
-115            
-115            
-115            
-115            
-115            
-115            
-115            
-116            
-115            
-115            
-115            
-115            
-115            
-115            
-116            
-115            
-115            
-115            
-115            
-115            
-115            
-115            
-115            
-115            
-115            
-115            
-116            
-115            
-115            
-115            
-115            
-115            
-115            
-115            
-115            
-115            
-116            
-115            
-115            
-115            
-115            
-115            
-115            
-115            
-116            
-115            
-115            
-115            
-115            
-115            
-115            
-115            
-115            
-115            
-115            
-115            
-115            
-115            
-115            
-115            
-115            
-115            
-115            
-115            
-115            
-115            
-115            
-115            
-115            
-115            
-115            
-115            
-115            
-115            
-115            
-115            
-115            
-115            
-115            
-115            
-115            
-115            
-115            
-115            
-116            
-116            
-116            
-116            
-117            
-118            
-119            
-78             
-77             
-76             
-83             
-91             
-96             
-99             
-100            
-102            
-103            
-103            
-104            
-105            
-105            
-105            
-106            
-106            
-106            
-107            
-107            
-107            
-107            
-107            
-107            
-108            
-108            
-108            
-108            
-109            
-109            
-109            
-109            
-109            
-109            
-109            
-109            
-109            
-109            
-110            
-110            
-110            
-110            
-110            
-110            
-110            
-110            
-109            
-110            
-110            
-111            
-111            
-111            
-111            
-111            
-111            
-111            
-111            
-111            
-111            
-112            
-112            
-111            
-111            
-111            
-111            
-111            
-112            
-112            
-112            
-111            
-112            
-112            
-111            
-111            
-112            
-112            
-112            
-112            
-112            
-112            
-112            
-112            
-112            
-112            
-112            
-112            
-113            
-113            
-113            
-112            
-112            
-112            
-112            
-112            
-113            
-113            
-113            
-113            
-113            
-113            
-113            
-113            
-113            
-113            
-113            
-113            
-113            
-113            
-113            
-113            
-113            
-113            
-113            
-113            
-113            
-113            
-113            
-113            
-113            
-113            
-114            
-114            
-113            
-113            
-113            
-113            
-113            
-114            
-114            
-114            
-114            
-114            
-114            
-114            
-114            
-113            
-114            
-114            
-113            
-113            
-114            
-114            
-114            
-113            
-114            
-114            
-114            
-114            
-114            
-114            
-114            
-114            
-114            
-114            
-114            
-114            
-114            
-114            
-114            
-114            
-114            
-114            
-114            
-114            
-114            
-114            
-114            
-114            
-114            
-114            
-114            
-114            
-114            
-114            
-114            
-114            
-114            
-114            
-114            
-114            
-114            
-114            
-114            
-114            
-114            
-114            
-114            
-115            
-114            
-114            
-114            
-114            
-114            
-114            
-114            
-115            
-115            
-114            
-114            
-115            
-115            
-115            
-114            
-114            
-115            
-114            
-114            
-114            
-114            
-115            
-115            
-115            
-114            
-115            
-114            
-114            
-115            
-114            
-114            
-114            
-114            
-114            
-114            
-115            
-114            
-114            
-114            
-114            
-114            
-114            
-115            
-114            
-114            
-114            
-114            
-114            
-114            
-114            
-114            
-114            
-114            
-114            
-114            
-114            
-114            
-114            
-114            
-114            
-114            
-114            
-114            
-114            
-114            
-114            
-114            
-113            
-114            
-113            
-113            
-114            
-114            
-114            
-113            
-113            
-113            
-113            
-113            
-113            
-113            
-113            
-112            
-113            
-112            
-112            
-112            
-112            
-112            
-111            
-109            
-111            
-111            
-111            
-111            
-110            
-110            
-110            
-110            
-110            
-110            
-110            
-110            
-110            
-110            
-110            
-110            
-110            
-110            
-110            
-111            
-111            
-111            
-111            
-111            
-112            
-112            
-112            
-112            
-112            
-112            
-113            
-113            
-113            
-113            
-113            
-114            
-113            
-113            
-113            
-114            
-114            
-114            
-114            
-114            
-114            
-114            
-114            
-114            
-114            
-115            
-114            
-114            
-114            
-114            
-115            
-115            
-115            
-114            
-114            
-115            
-115            
-115            
-115            
-114            
-114            
-115            
-115            
-115            
-115            
-115            
-115            
-115            
-115            
-115            
-115            
-115            
-115            
-115            
-115            
-115            
-115            
-115            
-115            
-115            
-115            
-115            
-115            
-115            
-115            
-115            
-115            
-115            
-115            
-115            
-115            
-115            
-115            
-115            
-115            
-115            
-115            
-115            
-115            
-115            
-115            
-115            
-115            
-115            
-115            
-115            
-115            
-115            
-115            
-115            
-116            
-115            
-115            
-115            
-115            
-115            
-115            
-115            
-115            
-115            
-115            
-115            
-115            
-115            
-115            
-115            
-116            
-115            
-115            
-115            
-115            
-115            
-115            
-115            
-115            
-115            
-115            
-115            
-115            
-115            
-115            
-115            
-115            
-115            
-115            
-115            
-115            
-115            
-115            
-115            
-115            
-115            
-115            
-115            
-115            
-115            
-115            
-115            
-115            
-116            
-115            
-115            
-115            
-115            
-115            
-115            
-115            
-115            
-115            
-115            
-115            
-115            
-115            
-115            
-115            
-115            
-115            
-115            
-115            
-115            
-115            
-115            
-115            
-116            
-115            
-115            
-115            
-115            
-115            
-115            
-115            
-115            
-115            
-115            
-115            
-115            
-115            
-115            
-115            
-115            
-115            
-115            
-115            
-115            
-115            
-115            
-115            
-115            
-115            
-115            
-115            
-115            
-115            
-115            
-115            
-115            
-115            
-115            
-115            
-115            
-115            
-115            
-116            
-115            
-116            
-116            
-117            
-118            
-118            
-119            
0               
1638            
655             
9830            
300             
300             
0               
-15             
0               
-4              
0               
-15             
0               
6               
-20             
-3              
2344            
4687            
0               
0               
0               
32767           
0               
-20             
0               
0               
20              
0               
20              
5               
0               
20              
96              
0               
20              
96              
0               
20              
96              
0               
20              
96              
0               
20              
96              
0               
20              
96              
0               
20              
96              
0               
20              
96              
0               
20              
96              
0               
20              
96              
2               
0               
200             
100             
-16             
2000            
100             
-16             
0               
2               
1               
20              
4               
0               
20              
0               
0               
10              
2000            
-96             
-85             
-20             
0               
0               
-96             
-85             
-20             
-20             
0               
0               
0               
1               
700             
2               
0               
20              
0               
0               
2000            
2000            
-96             
0               
0               
0               
0               
-96             
0               
0               
0               
0               
1               
0               
1               
20              
2               
1               
20              
0               
0               
10000           
10000           
-96             
0               
0               
0               
0               
-96             
0               
0               
0               
0               
1               
0               
1               
20              
2               
1               
20              
0               
0               
10000           
10000           
-96             
0               
0               
0               
0               
-96             
0               
0               
0               
0               
1               
0               
1               
20              
2               
1               
20              
0               
0               
10000           
10000           
-96             
0               
0               
0               
0               
-96             
0               
0               
0               
0               
1               
0               
1               
20              
5               
0               
20              
0               
0               
300             
10000           
-96             
-38             
-20             
-2              
0               
-96             
-38             
-20             
-18             
-17             
0               
0               
0               
0               
0               
0               
27233           
20              
0               
0               
0               
0               
0               
0               
0               
0               
165             
0               
0               
0               
0               
0               
0               
0               
0               
1               
2               
1               
-20             
-20             
-40             
-20             
-76             
-31             
0               
15              
96              
86              
6826            
6826            
6826            
6826            
6826            
6826            
6826            
6826            
6826            
6826            

// Volume 0
