3648            
4               
11              
0               
0               
11              
17408           
0               
0               
0               
1025            
32              
2               
6               
0               
1               

// Volume Independent Parameters
1               
0               
0               
0               
0               
0               
0               
0               
0               
1               
20              
4               
100             
10000           
-80             
-75             
-6              
0               
0               
-96             
-75             
-26             
-20             
0               
1               
14              
32              
32              
32              
32              
32              
32              
32              
32              
32              
30              
30              
29              
28              
28              
29              
28              
27              
26              
25              
25              
25              
26              
26              
27              
28              
28              
29              
29              
29              
30              
30              
30              
31              
30              
30              
31              
32              
33              
34              
35              
36              
35              
34              
33              
32              
31              
30              
28              
27              
26              
25              
25              
25              
25              
24              
24              
24              
23              
22              
21              
20              
20              
19              
19              
19              
19              
19              
19              
19              
19              
19              
18              
17              
17              
16              
15              
15              
15              
15              
15              
15              
16              
16              
16              
16              
16              
16              
15              
15              
16              
16              
16              
17              
17              
18              
19              
19              
19              
20              
20              
20              
20              
21              
20              
21              
21              
21              
22              
22              
22              
22              
22              
23              
23              
23              
23              
24              
23              
24              
24              
23              
24              
24              
24              
24              
24              
25              
25              
25              
25              
25              
25              
25              
25              
25              
25              
26              
27              
27              
28              
28              
28              
28              
28              
27              
27              
26              
26              
26              
26              
26              
26              
26              
25              
24              
23              
23              
22              
21              
21              
20              
19              
19              
19              
19              
19              
19              
19              
19              
19              
19              
18              
18              
19              
19              
19              
19              
20              
20              
21              
22              
22              
23              
23              
23              
22              
22              
22              
23              
23              
24              
24              
24              
25              
25              
25              
25              
25              
25              
24              
24              
24              
25              
25              
26              
26              
26              
27              
26              
26              
25              
25              
25              
25              
25              
26              
26              
27              
27              
26              
26              
25              
25              
24              
24              
24              
24              
23              
23              
23              
23              
23              
22              
22              
21              
21              
21              
20              
21              
21              
22              
22              
22              
22              
22              
22              
22              
22              
22              
22              
22              
22              
22              
22              
23              
23              
23              
23              
22              
22              
22              
21              
21              
21              
21              
21              
21              
21              
21              
21              
21              
21              
21              
21              
20              
20              
21              
21              
21              
21              
21              
21              
21              
21              
21              
20              
20              
20              
20              
20              
19              
19              
19              
19              
19              
19              
19              
19              
18              
18              
18              
18              
17              
17              
17              
17              
17              
17              
17              
17              
17              
17              
17              
17              
16              
16              
16              
16              
16              
16              
16              
16              
16              
17              
17              
16              
16              
16              
16              
16              
16              
16              
16              
16              
16              
16              
16              
16              
17              
17              
16              
16              
16              
16              
17              
17              
17              
17              
18              
18              
18              
19              
19              
20              
20              
20              
21              
21              
22              
23              
24              
25              
25              
26              
27              
28              
28              
30              
31              
31              
31              
31              
31              
31              
31              
31              
32              
32              
31              
31              
31              
32              
32              
30              
30              
31              
29              
28              
28              
28              
29              
29              
30              
30              
31              
31              
31              
31              
31              
31              
31              
31              
33              
34              
34              
34              
37              
39              
39              
39              
39              
40              
39              
40              
40              
41              
41              
41              
43              
45              
47              
48              
47              
47              
47              
46              
45              
45              
45              
45              
45              
45              
46              
47              
48              
48              
47              
47              
46              
47              
46              
46              
47              
47              
46              
45              
44              
44              
44              
43              
43              
42              
40              
39              
39              
39              
39              
40              
39              
38              
38              
37              
36              
35              
35              
37              
37              
37              
38              
39              
40              
42              
43              
45              
46              
46              
46              
47              
48              
50              
51              
52              
55              
58              
61              
63              
64              
63              
64              
64              
64              
64              
64              
66              
67              
67              
69              
71              
71              
70              
70              
70              
71              
70              
70              
69              
73              
77              
79              
80              
80              
80              
80              
80              
80              
80              
80              
80              
80              
80              
80              
80              
80              
80              
80              
80              
80              
80              
80              
80              
80              
80              
80              
80              
80              
80              
80              
80              
80              
80              
80              
80              
80              
80              
80              
80              
80              
80              
80              
80              
80              
80              
80              
80              
80              
80              
80              
80              
80              
80              
80              
80              
80              
80              
80              
80              
80              
80              
80              
80              
80              
80              
80              
80              
80              
80              
80              
80              
80              
80              
32              
32              
32              
32              
32              
32              
32              
32              
32              
30              
30              
29              
28              
28              
29              
28              
27              
26              
25              
25              
25              
26              
26              
27              
28              
28              
29              
29              
29              
30              
30              
30              
31              
30              
30              
31              
32              
33              
34              
35              
36              
35              
34              
33              
32              
31              
30              
28              
27              
26              
25              
25              
25              
25              
24              
24              
24              
23              
22              
21              
20              
20              
19              
19              
19              
19              
19              
19              
19              
19              
19              
18              
17              
17              
16              
15              
15              
15              
15              
15              
15              
16              
16              
16              
16              
16              
16              
15              
15              
16              
16              
16              
17              
17              
18              
19              
19              
19              
20              
20              
20              
20              
21              
20              
21              
21              
21              
22              
22              
22              
22              
22              
23              
23              
23              
23              
24              
23              
24              
24              
23              
24              
24              
24              
24              
24              
25              
25              
25              
25              
25              
25              
25              
25              
25              
25              
26              
27              
27              
28              
28              
28              
28              
28              
27              
27              
26              
26              
26              
26              
26              
26              
26              
25              
24              
23              
23              
22              
21              
21              
20              
19              
19              
19              
19              
19              
19              
19              
19              
19              
19              
18              
18              
19              
19              
19              
19              
20              
20              
21              
22              
22              
23              
23              
23              
22              
22              
22              
23              
23              
24              
24              
24              
25              
25              
25              
25              
25              
25              
24              
24              
24              
25              
25              
26              
26              
26              
27              
26              
26              
25              
25              
25              
25              
25              
26              
26              
27              
27              
26              
26              
25              
25              
24              
24              
24              
24              
23              
23              
23              
23              
23              
22              
22              
21              
21              
21              
20              
21              
21              
22              
22              
22              
22              
22              
22              
22              
22              
22              
22              
22              
22              
22              
22              
23              
23              
23              
23              
22              
22              
22              
21              
21              
21              
21              
21              
21              
21              
21              
21              
21              
21              
21              
21              
20              
20              
21              
21              
21              
21              
21              
21              
21              
21              
21              
20              
20              
20              
20              
20              
19              
19              
19              
19              
19              
19              
19              
19              
18              
18              
18              
18              
17              
17              
17              
17              
17              
17              
17              
17              
17              
17              
17              
17              
16              
16              
16              
16              
16              
16              
16              
16              
16              
17              
17              
16              
16              
16              
16              
16              
16              
16              
16              
16              
16              
16              
16              
16              
17              
17              
16              
16              
16              
16              
17              
17              
17              
17              
18              
18              
18              
19              
19              
20              
20              
20              
21              
21              
22              
23              
24              
25              
25              
26              
27              
28              
28              
30              
31              
31              
31              
31              
31              
31              
31              
31              
32              
32              
31              
31              
31              
32              
32              
30              
30              
31              
29              
28              
28              
28              
29              
29              
30              
30              
31              
31              
31              
31              
31              
31              
31              
31              
33              
34              
34              
34              
37              
39              
39              
39              
39              
40              
39              
40              
40              
41              
41              
41              
43              
45              
47              
48              
47              
47              
47              
46              
45              
45              
45              
45              
45              
45              
46              
47              
48              
48              
47              
47              
46              
47              
46              
46              
47              
47              
46              
45              
44              
44              
44              
43              
43              
42              
40              
39              
39              
39              
39              
40              
39              
38              
38              
37              
36              
35              
35              
37              
37              
37              
38              
39              
40              
42              
43              
45              
46              
46              
46              
47              
48              
50              
51              
52              
55              
58              
61              
63              
64              
63              
64              
64              
64              
64              
64              
66              
67              
67              
69              
71              
71              
70              
70              
70              
71              
70              
70              
69              
73              
77              
79              
80              
80              
80              
80              
80              
80              
80              
80              
80              
80              
80              
80              
80              
80              
80              
80              
80              
80              
80              
80              
80              
80              
80              
80              
80              
80              
80              
80              
80              
80              
80              
80              
80              
80              
80              
80              
80              
80              
80              
80              
80              
80              
80              
80              
80              
80              
80              
80              
80              
80              
80              
80              
80              
80              
80              
80              
80              
80              
80              
80              
80              
80              
80              
80              
80              
80              
80              
80              
80              
80              
80              
32              
32              
32              
32              
32              
32              
32              
32              
32              
32              
32              
32              
32              
32              
32              
32              
32              
32              
32              
32              
32              
32              
32              
32              
32              
32              
32              
32              
32              
32              
32              
32              
32              
32              
32              
32              
32              
32              
32              
32              
32              
32              
32              
32              
32              
32              
32              
32              
32              
32              
32              
32              
32              
32              
32              
32              
32              
32              
32              
32              
32              
32              
32              
32              
32              
32              
32              
32              
32              
32              
32              
32              
32              
32              
32              
32              
32              
32              
32              
32              
32              
32              
32              
32              
32              
32              
32              
32              
32              
32              
32              
32              
32              
32              
32              
32              
32              
32              
32              
32              
32              
32              
32              
32              
32              
32              
32              
32              
32              
32              
32              
32              
32              
32              
32              
32              
32              
32              
32              
32              
32              
32              
32              
32              
32              
32              
32              
32              
32              
32              
32              
32              
32              
32              
32              
32              
32              
32              
32              
32              
32              
32              
32              
32              
32              
32              
32              
32              
32              
32              
32              
32              
32              
32              
32              
32              
32              
32              
32              
32              
32              
32              
32              
32              
32              
32              
32              
32              
32              
32              
32              
32              
32              
32              
32              
32              
32              
32              
32              
32              
32              
32              
32              
32              
32              
32              
32              
32              
32              
32              
32              
32              
32              
32              
32              
32              
32              
32              
32              
32              
32              
32              
32              
32              
32              
32              
32              
32              
32              
32              
32              
32              
32              
32              
32              
32              
32              
32              
32              
32              
32              
32              
32              
32              
32              
32              
32              
32              
32              
32              
32              
32              
32              
32              
32              
32              
32              
32              
32              
32              
32              
32              
32              
32              
32              
32              
32              
32              
32              
32              
32              
32              
32              
32              
32              
32              
32              
32              
32              
32              
32              
32              
32              
32              
32              
32              
32              
32              
32              
32              
32              
32              
32              
32              
32              
32              
32              
32              
32              
32              
32              
32              
32              
32              
32              
32              
32              
32              
32              
32              
32              
32              
32              
32              
32              
32              
32              
32              
32              
32              
32              
32              
32              
32              
32              
32              
32              
32              
32              
32              
32              
32              
32              
32              
32              
32              
32              
32              
32              
32              
32              
32              
32              
32              
32              
32              
32              
32              
32              
32              
32              
32              
32              
32              
32              
32              
32              
32              
32              
32              
32              
32              
32              
32              
32              
32              
32              
32              
32              
32              
32              
32              
32              
32              
32              
32              
32              
32              
32              
32              
32              
32              
32              
32              
32              
32              
32              
32              
32              
32              
32              
32              
32              
32              
32              
32              
32              
32              
32              
32              
32              
32              
32              
32              
32              
32              
32              
32              
32              
32              
32              
32              
32              
32              
32              
32              
32              
32              
32              
32              
32              
32              
32              
32              
32              
32              
32              
32              
32              
32              
32              
32              
32              
32              
32              
32              
32              
32              
32              
32              
32              
32              
32              
32              
32              
32              
32              
32              
32              
32              
32              
32              
32              
32              
32              
32              
32              
32              
32              
32              
32              
32              
32              
32              
32              
32              
32              
32              
32              
32              
32              
32              
32              
32              
32              
32              
32              
32              
32              
32              
32              
32              
32              
32              
32              
32              
32              
32              
32              
32              
32              
32              
32              
32              
32              
32              
32              
32              
32              
32              
32              
32              
32              
32              
32              
32              
32              
32              
32              
32              
32              
32              
32              
32              
32              
32              
32              
32              
32              
32              
32              
32              
32              
32              
32              
32              
32              
32              
32              
32              
32              
32              
32              
32              
32              
32              
32              
32              
32              
32              
32              
32              
32              
32              
32              
32              
32              
32              
32              
32              
32              
32              
32              
32              
32              
32              
32              
32              
32              
32              
32              
32              
32              
32              
32              
32              
32              
32              
32              
32              
32              
32              
32              
32              
32              
32              
32              
32              
32              
32              
32              
32              
32              
32              
32              
32              
32              
32              
32              
32              
32              
32              
32              
32              
32              
32              
32              
32              
32              
32              
32              
32              
32              
32              
32              
32              
32              
32              
32              
32              
32              
32              
32              
32              
32              
32              
32              
32              
32              
32              
32              
32              
32              
32              
32              
32              
32              
32              
32              
32              
32              
32              
32              
32              
32              
32              
32              
32              
32              
32              
32              
32              
32              
32              
32              
32              
32              
32              
32              
32              
32              
32              
32              
32              
32              
32              
32              
32              
32              
32              
32              
32              
32              
32              
32              
32              
32              
32              
32              
32              
32              
32              
32              
32              
32              
32              
32              
32              
32              
32              
32              
32              
32              
32              
32              
32              
32              
32              
32              
32              
32              
32              
32              
32              
32              
32              
32              
32              
32              
32              
32              
32              
32              
32              
32              
32              
32              
32              
32              
32              
32              
32              
32              
32              
32              
32              
32              
32              
32              
32              
32              
32              
32              
32              
32              
32              
32              
32              
32              
32              
32              
32              
32              
32              
32              
32              
32              
32              
32              
32              
32              
32              
32              
32              
32              
32              
32              
32              
32              
32              
32              
32              
32              
32              
32              
32              
32              
32              
32              
32              
32              
32              
32              
32              
32              
32              
32              
32              
32              
32              
32              
32              
32              
32              
32              
32              
32              
32              
32              
32              
32              
32              
32              
32              
32              
32              
32              
32              
32              
32              
32              
32              
32              
32              
32              
32              
32              
32              
32              
32              
32              
32              
32              
32              
32              
32              
32              
32              
32              
32              
32              
32              
32              
32              
32              
32              
32              
32              
32              
32              
32              
32              
32              
32              
32              
32              
32              
32              
32              
32              
32              
32              
32              
32              
32              
32              
32              
32              
32              
32              
32              
32              
32              
32              
32              
32              
32              
32              
32              
32              
32              
32              
32              
32              
32              
32              
32              
32              
32              
32              
32              
32              
32              
32              
32              
32              
32              
32              
32              
32              
32              
32              
32              
32              
32              
32              
32              
32              
32              
32              
32              
32              
32              
32              
32              
32              
32              
32              
32              
32              
32              
32              
32              
32              
32              
32              
32              
32              
32              
32              
32              
32              
32              
32              
32              
32              
32              
32              
32              
32              
32              
32              
32              
32              
32              
32              
32              
32              
32              
32              
32              
32              
32              
32              
32              
32              
32              
32              
32              
32              
32              
32              
32              
32              
32              
32              
32              
32              
32              
32              
32              
32              
32              
32              
32              
32              
32              
32              
32              
32              
32              
32              
32              
32              
32              
32              
32              
32              
32              
32              
32              
32              
32              
32              
32              
32              
32              
32              
32              
32              
32              
32              
32              
32              
32              
32              
32              
32              
32              
32              
32              
32              
32              
32              
32              
32              
32              
32              
32              
32              
32              
32              
32              
32              
32              
32              
32              
32              
32              
32              
32              
32              
32              
32              
32              
32              
32              
32              
32              
32              
32              
32              
32              
32              
32              
32              
32              
32              
32              
32              
32              
32              
32              
32              
32              
32              
32              
32              
32              
32              
32              
32              
32              
32              
32              
32              
32              
32              
32              
32              
32              
32              
32              
32              
32              
32              
32              
32              
32              
32              
32              
32              
32              
32              
32              
32              
32              
32              
32              
32              
32              
32              
32              
32              
32              
32              
32              
32              
32              
32              
32              
32              
32              
32              
32              
32              
32              
32              
32              
32              
32              
32              
32              
32              
32              
32              
32              
32              
32              
32              
32              
32              
32              
32              
32              
32              
32              
32              
32              
32              
32              
32              
32              
32              
32              
32              
32              
32              
32              
32              
32              
32              
32              
32              
32              
32              
32              
32              
32              
32              
32              
32              
32              
32              
32              
32              
32              
32              
32              
32              
32              
32              
32              
32              
32              
32              
32              
32              
32              
32              
32              
32              
32              
32              
32              
32              
32              
32              
32              
32              
32              
32              
32              
32              
32              
32              
32              
32              
32              
32              
32              
32              
32              
32              
32              
32              
32              
32              
32              
32              
32              
32              
32              
32              
32              
32              
32              
32              
32              
32              
0               
70              
70              
-6              
-6              
-48             
-48             
0               
32767           
33              
40              
100             
1               
-6              
-6              
14745           
-6              
0               
-73             
-69             
-72             
-75             
-76             
-80             
-84             
-86             
-86             
-87             
-87             
-87             
-90             
-90             
-91             
-91             
-91             
-92             
-93             
-93             
-92             
-93             
-93             
-95             
-94             
-94             
-94             
-95             
-96             
-96             
-96             
-96             
-96             
-97             
-97             
-97             
-96             
-96             
-97             
-97             
-97             
-96             
-97             
-97             
-98             
-98             
-98             
-97             
-98             
-99             
-99             
-99             
-99             
-98             
-98             
-98             
-99             
-100            
-99             
-100            
-100            
-100            
-100            
-99             
-99             
-100            
-100            
-100            
-100            
-100            
-100            
-100            
-100            
-101            
-100            
-100            
-101            
-101            
-100            
-100            
-101            
-101            
-102            
-101            
-102            
-100            
-101            
-101            
-101            
-101            
-101            
-102            
-102            
-101            
-101            
-101            
-102            
-102            
-102            
-101            
-102            
-102            
-103            
-102            
-102            
-102            
-101            
-101            
-101            
-102            
-102            
-102            
-102            
-103            
-103            
-102            
-102            
-102            
-102            
-102            
-103            
-101            
-103            
-104            
-103            
-103            
-103            
-103            
-102            
-103            
-103            
-103            
-105            
-104            
-104            
-103            
-103            
-103            
-103            
-104            
-104            
-103            
-104            
-103            
-104            
-104            
-103            
-104            
-103            
-103            
-104            
-104            
-104            
-103            
-104            
-103            
-104            
-104            
-104            
-104            
-104            
-104            
-104            
-104            
-104            
-104            
-104            
-104            
-103            
-104            
-104            
-103            
-104            
-104            
-104            
-104            
-105            
-104            
-105            
-104            
-105            
-105            
-105            
-105            
-103            
-105            
-105            
-105            
-104            
-105            
-104            
-105            
-105            
-105            
-104            
-105            
-105            
-105            
-104            
-105            
-105            
-105            
-105            
-105            
-104            
-104            
-106            
-105            
-105            
-105            
-105            
-105            
-105            
-105            
-105            
-106            
-106            
-105            
-105            
-106            
-105            
-106            
-106            
-106            
-105            
-105            
-105            
-105            
-106            
-107            
-106            
-105            
-106            
-105            
-105            
-106            
-105            
-105            
-105            
-105            
-105            
-105            
-106            
-106            
-106            
-107            
-106            
-106            
-106            
-105            
-106            
-107            
-106            
-106            
-106            
-105            
-105            
-107            
-107            
-106            
-106            
-106            
-105            
-106            
-106            
-106            
-106            
-106            
-105            
-107            
-106            
-106            
-105            
-106            
-107            
-106            
-106            
-107            
-106            
-106            
-106            
-107            
-107            
-106            
-106            
-106            
-106            
-107            
-106            
-107            
-107            
-106            
-106            
-106            
-106            
-107            
-107            
-107            
-106            
-105            
-106            
-107            
-107            
-106            
-106            
-107            
-106            
-106            
-106            
-108            
-107            
-107            
-107            
-107            
-107            
-108            
-108            
-107            
-107            
-108            
-107            
-106            
-107            
-107            
-108            
-108            
-107            
-108            
-107            
-107            
-108            
-107            
-107            
-107            
-106            
-107            
-107            
-107            
-107            
-107            
-107            
-107            
-107            
-108            
-108            
-108            
-107            
-108            
-107            
-106            
-107            
-107            
-107            
-107            
-108            
-107            
-108            
-107            
-107            
-107            
-108            
-107            
-107            
-107            
-107            
-108            
-107            
-107            
-107            
-107            
-108            
-108            
-109            
-109            
-109            
-108            
-107            
-108            
-108            
-109            
-108            
-110            
-109            
-108            
-107            
-108            
-108            
-108            
-107            
-108            
-108            
-108            
-109            
-107            
-108            
-107            
-108            
-107            
-108            
-109            
-108            
-108            
-109            
-109            
-108            
-107            
-107            
-108            
-108            
-109            
-109            
-108            
-109            
-109            
-108            
-108            
-108            
-109            
-108            
-109            
-109            
-108            
-109            
-109            
-108            
-110            
-109            
-109            
-110            
-109            
-110            
-109            
-109            
-109            
-110            
-109            
-109            
-109            
-109            
-109            
-109            
-109            
-110            
-108            
-108            
-109            
-108            
-108            
-109            
-109            
-109            
-109            
-109            
-109            
-109            
-109            
-108            
-108            
-109            
-109            
-110            
-109            
-109            
-109            
-109            
-110            
-110            
-109            
-108            
-108            
-108            
-110            
-109            
-110            
-109            
-109            
-109            
-109            
-108            
-108            
-109            
-110            
-109            
-110            
-110            
-109            
-109            
-110            
-109            
-109            
-109            
-109            
-110            
-111            
-110            
-109            
-110            
-111            
-110            
-110            
-110            
-109            
-108            
-109            
-109            
-109            
-111            
-112            
-110            
-111            
-112            
-113            
-113            
-73             
-69             
-72             
-75             
-76             
-80             
-84             
-86             
-86             
-87             
-87             
-87             
-90             
-90             
-91             
-91             
-91             
-92             
-93             
-93             
-92             
-93             
-93             
-95             
-94             
-94             
-94             
-95             
-96             
-96             
-96             
-96             
-96             
-97             
-97             
-97             
-96             
-96             
-97             
-97             
-97             
-96             
-97             
-97             
-98             
-98             
-98             
-97             
-98             
-99             
-99             
-99             
-99             
-98             
-98             
-98             
-99             
-100            
-99             
-100            
-100            
-100            
-100            
-99             
-99             
-100            
-100            
-100            
-100            
-100            
-100            
-100            
-100            
-101            
-100            
-100            
-101            
-101            
-100            
-100            
-101            
-101            
-102            
-101            
-102            
-100            
-101            
-101            
-101            
-101            
-101            
-102            
-102            
-101            
-101            
-101            
-102            
-102            
-102            
-101            
-102            
-102            
-103            
-102            
-102            
-102            
-101            
-101            
-101            
-102            
-102            
-102            
-102            
-103            
-103            
-102            
-102            
-102            
-102            
-102            
-103            
-101            
-103            
-104            
-103            
-103            
-103            
-103            
-102            
-103            
-103            
-103            
-105            
-104            
-104            
-103            
-103            
-103            
-103            
-104            
-104            
-103            
-104            
-103            
-104            
-104            
-103            
-104            
-103            
-103            
-104            
-104            
-104            
-103            
-104            
-103            
-104            
-104            
-104            
-104            
-104            
-104            
-104            
-104            
-104            
-104            
-104            
-104            
-103            
-104            
-104            
-103            
-104            
-104            
-104            
-104            
-105            
-104            
-105            
-104            
-105            
-105            
-105            
-105            
-103            
-105            
-105            
-105            
-104            
-105            
-104            
-105            
-105            
-105            
-104            
-105            
-105            
-105            
-104            
-105            
-105            
-105            
-105            
-105            
-104            
-104            
-106            
-105            
-105            
-105            
-105            
-105            
-105            
-105            
-105            
-106            
-106            
-105            
-105            
-106            
-105            
-106            
-106            
-106            
-105            
-105            
-105            
-105            
-106            
-107            
-106            
-105            
-106            
-105            
-105            
-106            
-105            
-105            
-105            
-105            
-105            
-105            
-106            
-106            
-106            
-107            
-106            
-106            
-106            
-105            
-106            
-107            
-106            
-106            
-106            
-105            
-105            
-107            
-107            
-106            
-106            
-106            
-105            
-106            
-106            
-106            
-106            
-106            
-105            
-107            
-106            
-106            
-105            
-106            
-107            
-106            
-106            
-107            
-106            
-106            
-106            
-107            
-107            
-106            
-106            
-106            
-106            
-107            
-106            
-107            
-107            
-106            
-106            
-106            
-106            
-107            
-107            
-107            
-106            
-105            
-106            
-107            
-107            
-106            
-106            
-107            
-106            
-106            
-106            
-108            
-107            
-107            
-107            
-107            
-107            
-108            
-108            
-107            
-107            
-108            
-107            
-106            
-107            
-107            
-108            
-108            
-107            
-108            
-107            
-107            
-108            
-107            
-107            
-107            
-106            
-107            
-107            
-107            
-107            
-107            
-107            
-107            
-107            
-108            
-108            
-108            
-107            
-108            
-107            
-106            
-107            
-107            
-107            
-107            
-108            
-107            
-108            
-107            
-107            
-107            
-108            
-107            
-107            
-107            
-107            
-108            
-107            
-107            
-107            
-107            
-108            
-108            
-109            
-109            
-109            
-108            
-107            
-108            
-108            
-109            
-108            
-110            
-109            
-108            
-107            
-108            
-108            
-108            
-107            
-108            
-108            
-108            
-109            
-107            
-108            
-107            
-108            
-107            
-108            
-109            
-108            
-108            
-109            
-109            
-108            
-107            
-107            
-108            
-108            
-109            
-109            
-108            
-109            
-109            
-108            
-108            
-108            
-109            
-108            
-109            
-109            
-108            
-109            
-109            
-108            
-110            
-109            
-109            
-110            
-109            
-110            
-109            
-109            
-109            
-110            
-109            
-109            
-109            
-109            
-109            
-109            
-109            
-110            
-108            
-108            
-109            
-108            
-108            
-109            
-109            
-109            
-109            
-109            
-109            
-109            
-109            
-108            
-108            
-109            
-109            
-110            
-109            
-109            
-109            
-109            
-110            
-110            
-109            
-108            
-108            
-108            
-110            
-109            
-110            
-109            
-109            
-109            
-109            
-108            
-108            
-109            
-110            
-109            
-110            
-110            
-109            
-109            
-110            
-109            
-109            
-109            
-109            
-110            
-111            
-110            
-109            
-110            
-111            
-110            
-110            
-110            
-109            
-108            
-109            
-109            
-109            
-111            
-112            
-110            
-111            
-112            
-113            
-113            
0               
1638            
655             
9830            
300             
300             
0               
-15             
0               
-4              
0               
-15             
0               
6               
-20             
-3              
2344            
4687            
0               
0               
0               
32767           
0               
-20             
0               
0               
20              
0               
20              
5               
0               
20              
96              
0               
20              
96              
0               
20              
96              
0               
3000            
96              
0               
6000            
96              
0               
20              
96              
0               
20              
96              
0               
20              
96              
0               
20              
96              
0               
20              
96              
2               
0               
200             
100             
-16             
2000            
100             
-16             
0               
2               
1               
20              
4               
0               
20              
0               
0               
10              
2000            
-96             
-85             
-20             
0               
0               
-96             
-85             
-20             
-20             
0               
0               
0               
1               
700             
2               
0               
20              
0               
0               
2000            
2000            
-96             
0               
0               
0               
0               
-96             
0               
0               
0               
0               
1               
0               
1               
20              
2               
1               
20              
0               
0               
10000           
10000           
-96             
0               
0               
0               
0               
-96             
0               
0               
0               
0               
1               
0               
1               
20              
2               
1               
20              
0               
0               
10000           
10000           
-96             
0               
0               
0               
0               
-96             
0               
0               
0               
0               
1               
0               
1               
20              
2               
1               
20              
0               
0               
10000           
10000           
-96             
0               
0               
0               
0               
-96             
0               
0               
0               
0               
1               
0               
1               
20              
5               
0               
20              
0               
0               
300             
10000           
-96             
-38             
-20             
-2              
0               
-96             
-38             
-20             
-18             
-18             
0               
0               
1               
-1              
12              
0               
27233           
20              
0               
0               
0               
0               
0               
0               
0               
0               
165             
0               
0               
0               
0               
0               
0               
0               
0               
1               
2               
1               
-20             
-20             
-40             
-20             
-76             
-31             
0               
15              
96              
86              
6826            
6826            
6826            
6826            
6826            
6826            
6826            
6826            
6826            
6826            

// Volume 0
