3648            
4               
11              
0               
0               
11              
17408           
0               
0               
0               
1025            
32              
2               
6               
0               
1               

// Volume Independent Parameters
0               
0               
0               
0               
0               
0               
0               
0               
0               
0               
20              
4               
100             
10000           
-96             
-26             
-6              
0               
0               
-96             
-26             
-26             
-20             
0               
0               
14              
32              
32              
32              
32              
32              
32              
32              
32              
32              
32              
32              
32              
32              
32              
32              
32              
32              
32              
32              
32              
32              
32              
32              
32              
32              
32              
32              
32              
32              
32              
32              
32              
32              
32              
32              
32              
32              
32              
32              
32              
32              
32              
32              
32              
32              
32              
32              
32              
32              
32              
32              
32              
32              
32              
32              
32              
32              
32              
32              
32              
32              
32              
32              
32              
32              
32              
31              
30              
30              
29              
28              
27              
27              
27              
26              
26              
26              
25              
24              
25              
24              
24              
24              
24              
24              
24              
25              
24              
24              
24              
24              
23              
23              
22              
22              
22              
22              
22              
22              
22              
21              
21              
20              
20              
20              
20              
19              
19              
19              
19              
18              
18              
18              
18              
18              
17              
17              
17              
17              
17              
17              
17              
17              
18              
18              
18              
18              
18              
18              
19              
19              
20              
20              
20              
21              
21              
21              
21              
21              
22              
22              
23              
22              
23              
22              
23              
23              
23              
23              
23              
23              
24              
24              
24              
25              
25              
26              
28              
29              
30              
30              
31              
32              
33              
35              
36              
35              
37              
38              
38              
40              
40              
39              
38              
37              
36              
34              
32              
31              
29              
29              
27              
26              
25              
24              
23              
23              
23              
22              
22              
21              
21              
20              
21              
20              
20              
20              
20              
19              
19              
19              
19              
19              
19              
19              
19              
18              
18              
18              
18              
18              
18              
18              
18              
18              
18              
19              
19              
19              
19              
20              
20              
20              
21              
21              
22              
23              
23              
24              
24              
25              
25              
26              
27              
28              
28              
29              
29              
30              
31              
31              
32              
32              
33              
33              
34              
34              
35              
35              
36              
36              
37              
38              
38              
38              
39              
40              
42              
42              
42              
43              
43              
44              
44              
44              
45              
46              
48              
49              
49              
50              
50              
51              
52              
53              
54              
54              
53              
54              
53              
52              
52              
50              
50              
51              
50              
49              
49              
49              
48              
46              
46              
46              
46              
45              
45              
44              
44              
44              
45              
46              
47              
48              
48              
46              
44              
42              
41              
38              
38              
37              
36              
34              
32              
31              
30              
29              
28              
26              
25              
23              
22              
21              
21              
20              
20              
20              
19              
19              
19              
19              
19              
19              
18              
18              
18              
19              
19              
19              
20              
20              
21              
21              
21              
22              
23              
23              
24              
24              
25              
25              
25              
25              
26              
26              
27              
26              
27              
27              
27              
28              
28              
28              
28              
29              
29              
29              
29              
28              
29              
30              
30              
31              
31              
32              
32              
33              
32              
32              
33              
33              
32              
32              
33              
32              
32              
32              
32              
32              
32              
32              
32              
32              
32              
32              
32              
32              
32              
32              
32              
32              
32              
32              
32              
32              
32              
32              
32              
32              
32              
32              
32              
32              
32              
32              
32              
32              
32              
32              
32              
32              
32              
32              
32              
32              
32              
32              
32              
32              
32              
32              
32              
32              
32              
32              
32              
32              
32              
32              
32              
32              
32              
32              
32              
32              
32              
32              
32              
32              
32              
32              
32              
32              
32              
32              
32              
32              
32              
32              
32              
32              
32              
32              
32              
32              
32              
32              
32              
32              
32              
32              
32              
32              
32              
32              
32              
32              
32              
32              
32              
32              
32              
32              
32              
32              
32              
32              
32              
32              
32              
32              
32              
32              
32              
32              
32              
32              
32              
32              
32              
32              
32              
32              
32              
32              
32              
32              
32              
32              
32              
32              
32              
32              
32              
32              
32              
32              
32              
32              
32              
32              
32              
32              
32              
32              
32              
32              
32              
32              
32              
32              
32              
32              
32              
32              
32              
32              
32              
32              
32              
32              
32              
32              
32              
32              
32              
32              
32              
32              
32              
32              
32              
32              
32              
32              
32              
32              
32              
32              
32              
32              
32              
32              
32              
32              
32              
32              
32              
32              
32              
32              
32              
32              
32              
32              
32              
32              
32              
32              
32              
32              
32              
32              
32              
32              
32              
32              
32              
32              
32              
32              
32              
32              
32              
32              
32              
32              
32              
32              
32              
32              
32              
32              
32              
32              
32              
32              
32              
32              
32              
32              
32              
32              
32              
32              
32              
32              
32              
32              
32              
32              
32              
32              
32              
32              
32              
32              
32              
32              
32              
32              
32              
32              
32              
32              
32              
32              
32              
32              
32              
32              
32              
32              
32              
32              
32              
31              
30              
30              
29              
28              
27              
27              
27              
26              
26              
26              
25              
24              
25              
24              
24              
24              
24              
24              
24              
25              
24              
24              
24              
24              
23              
23              
22              
22              
22              
22              
22              
22              
22              
21              
21              
20              
20              
20              
20              
19              
19              
19              
19              
18              
18              
18              
18              
18              
17              
17              
17              
17              
17              
17              
17              
17              
18              
18              
18              
18              
18              
18              
19              
19              
20              
20              
20              
21              
21              
21              
21              
21              
22              
22              
23              
22              
23              
22              
23              
23              
23              
23              
23              
23              
24              
24              
24              
25              
25              
26              
28              
29              
30              
30              
31              
32              
33              
35              
36              
35              
37              
38              
38              
40              
40              
39              
38              
37              
36              
34              
32              
31              
29              
29              
27              
26              
25              
24              
23              
23              
23              
22              
22              
21              
21              
20              
21              
20              
20              
20              
20              
19              
19              
19              
19              
19              
19              
19              
19              
18              
18              
18              
18              
18              
18              
18              
18              
18              
18              
19              
19              
19              
19              
20              
20              
20              
21              
21              
22              
23              
23              
24              
24              
25              
25              
26              
27              
28              
28              
29              
29              
30              
31              
31              
32              
32              
33              
33              
34              
34              
35              
35              
36              
36              
37              
38              
38              
38              
39              
40              
42              
42              
42              
43              
43              
44              
44              
44              
45              
46              
48              
49              
49              
50              
50              
51              
52              
53              
54              
54              
53              
54              
53              
52              
52              
50              
50              
51              
50              
49              
49              
49              
48              
46              
46              
46              
46              
45              
45              
44              
44              
44              
45              
46              
47              
48              
48              
46              
44              
42              
41              
38              
38              
37              
36              
34              
32              
31              
30              
29              
28              
26              
25              
23              
22              
21              
21              
20              
20              
20              
19              
19              
19              
19              
19              
19              
18              
18              
18              
19              
19              
19              
20              
20              
21              
21              
21              
22              
23              
23              
24              
24              
25              
25              
25              
25              
26              
26              
27              
26              
27              
27              
27              
28              
28              
28              
28              
29              
29              
29              
29              
28              
29              
30              
30              
31              
31              
32              
32              
33              
32              
32              
33              
33              
32              
32              
33              
32              
32              
32              
32              
32              
32              
32              
32              
32              
32              
32              
32              
32              
32              
32              
32              
32              
32              
32              
32              
32              
32              
32              
32              
32              
32              
32              
32              
32              
32              
32              
32              
32              
32              
32              
32              
32              
32              
32              
32              
32              
32              
32              
32              
32              
32              
32              
32              
32              
32              
32              
32              
32              
32              
32              
32              
32              
32              
32              
32              
32              
32              
32              
32              
32              
32              
32              
32              
32              
32              
32              
32              
32              
32              
32              
32              
32              
32              
32              
32              
32              
32              
32              
32              
32              
32              
32              
32              
32              
32              
32              
32              
32              
32              
32              
32              
32              
32              
32              
32              
32              
32              
32              
32              
32              
32              
32              
32              
32              
32              
32              
32              
32              
32              
32              
32              
32              
32              
32              
32              
32              
32              
32              
32              
32              
32              
32              
32              
32              
32              
32              
32              
32              
32              
32              
32              
32              
32              
32              
32              
32              
32              
32              
32              
32              
32              
32              
32              
32              
32              
32              
32              
32              
32              
32              
32              
32              
32              
32              
32              
32              
32              
32              
32              
32              
32              
32              
32              
32              
32              
32              
32              
32              
32              
32              
32              
32              
32              
32              
32              
32              
32              
32              
32              
32              
32              
32              
32              
32              
32              
32              
32              
32              
32              
32              
32              
32              
32              
32              
32              
32              
32              
32              
32              
32              
32              
32              
32              
32              
32              
32              
32              
32              
32              
32              
32              
32              
32              
32              
32              
32              
32              
32              
32              
32              
32              
32              
32              
32              
32              
32              
32              
32              
32              
32              
32              
32              
32              
32              
32              
32              
32              
32              
32              
32              
32              
32              
32              
32              
32              
32              
32              
32              
32              
32              
32              
32              
32              
32              
32              
32              
32              
32              
32              
32              
32              
32              
32              
32              
32              
32              
32              
32              
32              
32              
32              
32              
32              
32              
32              
32              
32              
32              
32              
32              
32              
32              
32              
32              
32              
32              
32              
32              
32              
32              
32              
32              
32              
32              
32              
32              
32              
32              
32              
32              
32              
32              
32              
32              
32              
32              
32              
32              
32              
32              
32              
32              
32              
32              
32              
32              
32              
32              
32              
32              
32              
32              
32              
32              
32              
32              
32              
32              
32              
32              
32              
32              
32              
32              
32              
32              
32              
32              
32              
32              
32              
32              
32              
32              
32              
32              
32              
32              
32              
32              
32              
32              
32              
32              
32              
32              
32              
32              
32              
32              
32              
32              
32              
32              
32              
32              
32              
32              
32              
32              
32              
32              
32              
32              
32              
32              
32              
32              
32              
32              
32              
32              
32              
32              
32              
32              
32              
32              
32              
32              
32              
32              
32              
32              
32              
32              
32              
32              
32              
32              
32              
32              
32              
32              
32              
32              
32              
32              
32              
32              
32              
32              
32              
32              
32              
32              
32              
32              
32              
32              
32              
32              
32              
32              
32              
32              
32              
32              
32              
32              
32              
32              
32              
32              
32              
32              
32              
32              
32              
32              
32              
32              
32              
32              
32              
32              
32              
32              
32              
32              
32              
32              
32              
32              
32              
32              
32              
32              
32              
32              
32              
32              
32              
32              
32              
32              
32              
32              
32              
32              
32              
32              
32              
32              
32              
32              
32              
32              
32              
32              
32              
32              
32              
32              
32              
32              
32              
32              
32              
32              
32              
32              
32              
32              
32              
32              
32              
32              
32              
32              
32              
32              
32              
32              
32              
32              
32              
32              
32              
32              
32              
32              
32              
32              
32              
32              
32              
32              
32              
32              
32              
32              
32              
32              
32              
32              
32              
32              
32              
32              
32              
32              
32              
32              
32              
32              
32              
32              
32              
32              
32              
32              
32              
32              
32              
32              
32              
32              
32              
32              
32              
32              
32              
32              
32              
32              
32              
32              
32              
32              
32              
32              
32              
32              
32              
32              
32              
32              
32              
32              
32              
32              
32              
32              
32              
32              
32              
32              
32              
32              
32              
32              
32              
32              
32              
32              
32              
32              
32              
32              
32              
32              
32              
32              
32              
32              
32              
32              
32              
32              
32              
32              
32              
32              
32              
32              
32              
32              
32              
32              
32              
32              
32              
32              
32              
32              
32              
32              
32              
32              
32              
32              
32              
32              
32              
32              
32              
32              
32              
32              
32              
32              
32              
32              
32              
32              
32              
32              
32              
32              
32              
32              
32              
32              
32              
32              
32              
32              
32              
32              
32              
32              
32              
32              
32              
32              
32              
32              
32              
32              
32              
32              
32              
32              
32              
32              
32              
32              
32              
32              
32              
32              
32              
32              
32              
32              
32              
32              
32              
32              
32              
32              
32              
32              
32              
32              
32              
32              
32              
32              
32              
32              
32              
32              
32              
32              
32              
32              
32              
32              
32              
32              
32              
32              
32              
32              
32              
32              
32              
32              
32              
32              
32              
32              
32              
32              
32              
32              
32              
32              
32              
32              
32              
32              
32              
32              
32              
32              
32              
32              
32              
32              
32              
32              
32              
32              
32              
32              
32              
32              
32              
32              
32              
32              
32              
32              
32              
32              
32              
32              
32              
32              
32              
32              
32              
32              
32              
32              
32              
32              
32              
32              
32              
32              
32              
32              
32              
32              
32              
32              
32              
32              
32              
32              
32              
32              
32              
32              
32              
32              
32              
32              
32              
32              
32              
32              
32              
32              
32              
32              
32              
32              
32              
32              
32              
32              
32              
32              
32              
32              
32              
32              
32              
32              
32              
32              
32              
32              
32              
32              
32              
32              
32              
32              
32              
32              
32              
32              
32              
32              
32              
32              
32              
32              
32              
32              
32              
32              
32              
32              
32              
32              
32              
32              
32              
32              
32              
32              
32              
32              
32              
32              
32              
32              
32              
32              
32              
32              
32              
32              
32              
32              
32              
32              
32              
32              
32              
32              
32              
32              
32              
32              
32              
32              
32              
32              
32              
32              
32              
32              
32              
32              
32              
32              
32              
32              
32              
32              
32              
32              
32              
32              
32              
32              
32              
32              
32              
32              
32              
32              
32              
32              
32              
32              
32              
32              
32              
32              
32              
32              
32              
32              
32              
32              
32              
32              
32              
32              
32              
32              
32              
32              
32              
32              
32              
32              
32              
32              
32              
32              
32              
32              
32              
32              
32              
32              
32              
32              
32              
32              
32              
32              
32              
32              
32              
32              
32              
32              
32              
32              
32              
32              
32              
32              
32              
32              
32              
32              
32              
32              
32              
32              
32              
32              
32              
32              
32              
32              
32              
32              
32              
32              
32              
32              
32              
32              
32              
32              
32              
32              
32              
32              
32              
32              
32              
32              
32              
32              
32              
32              
32              
32              
32              
32              
32              
32              
32              
32              
32              
32              
32              
32              
32              
32              
32              
32              
32              
32              
32              
32              
32              
32              
32              
32              
32              
32              
32              
32              
32              
32              
32              
32              
32              
32              
32              
32              
32              
32              
32              
32              
32              
32              
32              
32              
32              
32              
32              
32              
32              
32              
32              
32              
32              
32              
32              
32              
32              
32              
32              
32              
32              
32              
32              
32              
32              
32              
32              
32              
32              
32              
32              
32              
32              
32              
32              
32              
32              
32              
32              
32              
32              
32              
32              
32              
32              
32              
32              
32              
32              
32              
32              
32              
32              
32              
32              
32              
32              
32              
32              
32              
32              
32              
32              
32              
32              
32              
32              
32              
32              
32              
32              
32              
32              
32              
32              
32              
32              
32              
32              
32              
32              
32              
32              
32              
32              
32              
32              
32              
32              
32              
32              
32              
32              
32              
32              
32              
32              
32              
32              
32              
32              
32              
32              
32              
32              
32              
32              
32              
32              
32              
32              
32              
32              
32              
32              
32              
32              
32              
32              
32              
32              
32              
32              
32              
32              
32              
32              
32              
32              
32              
32              
32              
32              
32              
32              
32              
32              
32              
32              
32              
32              
32              
32              
32              
32              
32              
32              
32              
32              
32              
32              
32              
32              
32              
32              
32              
32              
32              
32              
32              
32              
32              
32              
32              
32              
32              
32              
32              
32              
32              
32              
32              
32              
32              
32              
32              
32              
32              
32              
32              
32              
32              
32              
32              
32              
32              
32              
32              
32              
32              
32              
32              
32              
32              
32              
32              
32              
32              
32              
32              
32              
32              
32              
32              
32              
32              
32              
32              
32              
32              
32              
32              
32              
32              
32              
32              
32              
32              
32              
32              
32              
32              
32              
32              
32              
32              
32              
32              
32              
32              
32              
32              
32              
32              
32              
32              
32              
32              
32              
32              
32              
32              
32              
32              
32              
32              
32              
32              
32              
32              
32              
32              
32              
32              
32              
32              
32              
32              
32              
32              
32              
32              
32              
32              
32              
32              
32              
32              
32              
32              
32              
32              
32              
32              
32              
32              
32              
32              
32              
32              
32              
32              
32              
32              
32              
32              
32              
32              
32              
32              
32              
32              
32              
32              
32              
32              
32              
32              
32              
32              
32              
32              
32              
32              
32              
32              
32              
32              
32              
32              
32              
32              
32              
32              
32              
32              
32              
32              
32              
32              
32              
32              
32              
32              
32              
32              
32              
32              
32              
32              
32              
0               
70              
70              
-6              
-6              
-48             
-48             
0               
32767           
33              
40              
100             
0               
-2              
-2              
14745           
-5              
0               
-74             
-70             
-75             
-78             
-82             
-86             
-88             
-89             
-86             
-92             
-90             
-90             
-94             
-94             
-95             
-96             
-96             
-97             
-95             
-96             
-98             
-97             
-97             
-96             
-96             
-99             
-98             
-98             
-100            
-100            
-99             
-100            
-100            
-100            
-99             
-101            
-101            
-100            
-100            
-99             
-101            
-101            
-102            
-102            
-102            
-101            
-102            
-103            
-103            
-104            
-102            
-103            
-103            
-102            
-103            
-103            
-103            
-103            
-103            
-104            
-104            
-104            
-103            
-103            
-104            
-105            
-103            
-103            
-105            
-103            
-104            
-105            
-104            
-104            
-104            
-103            
-105            
-105            
-104            
-104            
-106            
-105            
-105            
-104            
-105            
-106            
-105            
-105            
-106            
-105            
-104            
-105            
-104            
-104            
-104            
-105            
-104            
-105            
-105            
-105            
-106            
-105            
-108            
-106            
-105            
-106            
-106            
-105            
-106            
-106            
-107            
-106            
-106            
-106            
-106            
-106            
-107            
-106            
-106            
-108            
-106            
-106            
-106            
-106            
-106            
-106            
-106            
-106            
-106            
-107            
-106            
-106            
-106            
-106            
-107            
-106            
-107            
-108            
-107            
-106            
-107            
-106            
-107            
-106            
-107            
-108            
-108            
-107            
-107            
-105            
-107            
-108            
-108            
-108            
-108            
-107            
-106            
-107            
-108            
-107            
-105            
-106            
-107            
-108            
-108            
-109            
-108            
-109            
-108            
-110            
-108            
-107            
-107            
-108            
-107            
-107            
-107            
-107            
-107            
-108            
-108            
-108            
-109            
-108            
-109            
-107            
-108            
-109            
-108            
-109            
-110            
-109            
-108            
-110            
-109            
-108            
-109            
-109            
-108            
-107            
-109            
-110            
-108            
-107            
-108            
-109            
-110            
-109            
-108            
-109            
-110            
-110            
-109            
-109            
-109            
-109            
-110            
-110            
-109            
-108            
-108            
-109            
-108            
-109            
-108            
-107            
-108            
-109            
-108            
-108            
-107            
-109            
-110            
-110            
-110            
-110            
-110            
-110            
-109            
-109            
-110            
-110            
-110            
-110            
-109            
-108            
-109            
-110            
-109            
-109            
-110            
-110            
-109            
-110            
-109            
-109            
-107            
-109            
-109            
-109            
-110            
-110            
-110            
-110            
-110            
-109            
-108            
-109            
-110            
-109            
-109            
-109            
-109            
-109            
-109            
-109            
-109            
-108            
-110            
-110            
-110            
-110            
-110            
-109            
-110            
-108            
-110            
-109            
-107            
-108            
-109            
-110            
-111            
-110            
-112            
-110            
-109            
-110            
-110            
-109            
-110            
-109            
-109            
-109            
-111            
-110            
-110            
-110            
-110            
-110            
-111            
-109            
-110            
-109            
-109            
-110            
-110            
-109            
-109            
-111            
-109            
-110            
-111            
-109            
-111            
-110            
-111            
-111            
-110            
-110            
-109            
-109            
-110            
-111            
-111            
-110            
-111            
-111            
-111            
-110            
-110            
-110            
-110            
-110            
-111            
-111            
-111            
-110            
-110            
-110            
-110            
-110            
-109            
-111            
-111            
-112            
-110            
-109            
-110            
-112            
-111            
-110            
-110            
-111            
-110            
-111            
-111            
-112            
-110            
-112            
-110            
-110            
-110            
-109            
-110            
-111            
-111            
-110            
-109            
-110            
-111            
-111            
-110            
-110            
-110            
-111            
-111            
-111            
-110            
-110            
-110            
-110            
-110            
-109            
-109            
-110            
-111            
-112            
-113            
-111            
-110            
-112            
-111            
-110            
-112            
-111            
-110            
-110            
-110            
-110            
-111            
-112            
-112            
-110            
-110            
-111            
-112            
-112            
-112            
-110            
-110            
-110            
-110            
-110            
-111            
-111            
-111            
-110            
-111            
-111            
-111            
-111            
-110            
-110            
-111            
-110            
-110            
-110            
-110            
-111            
-112            
-111            
-111            
-110            
-110            
-109            
-109            
-110            
-110            
-110            
-109            
-110            
-111            
-112            
-112            
-111            
-110            
-110            
-111            
-110            
-111            
-111            
-110            
-110            
-112            
-111            
-111            
-111            
-111            
-111            
-111            
-112            
-110            
-112            
-112            
-111            
-111            
-112            
-111            
-111            
-112            
-112            
-110            
-111            
-112            
-111            
-111            
-111            
-110            
-111            
-111            
-111            
-111            
-111            
-112            
-110            
-110            
-112            
-112            
-112            
-111            
-110            
-110            
-110            
-111            
-111            
-112            
-112            
-113            
-115            
-115            
-114            
-116            
-75             
-70             
-75             
-78             
-83             
-86             
-88             
-89             
-86             
-92             
-90             
-90             
-94             
-94             
-95             
-96             
-96             
-97             
-96             
-96             
-97             
-97             
-98             
-96             
-96             
-99             
-98             
-98             
-100            
-100            
-100            
-101            
-100            
-100            
-99             
-101            
-101            
-100            
-100            
-100            
-101            
-101            
-102            
-102            
-102            
-101            
-102            
-103            
-103            
-104            
-102            
-103            
-103            
-102            
-103            
-103            
-104            
-102            
-103            
-104            
-103            
-104            
-103            
-103            
-103            
-105            
-103            
-104            
-105            
-104            
-104            
-105            
-105            
-104            
-103            
-103            
-105            
-105            
-104            
-103            
-105            
-105            
-105            
-105            
-106            
-106            
-105            
-105            
-106            
-105            
-106            
-105            
-104            
-105            
-105            
-105            
-105            
-105            
-106            
-105            
-106            
-105            
-106            
-106            
-105            
-106            
-106            
-105            
-105            
-106            
-108            
-106            
-106            
-106            
-107            
-106            
-107            
-106            
-106            
-108            
-106            
-106            
-106            
-106            
-107            
-106            
-106            
-106            
-105            
-107            
-105            
-106            
-105            
-106            
-106            
-106            
-107            
-107            
-107            
-106            
-108            
-107            
-107            
-107            
-106            
-107            
-109            
-107            
-107            
-106            
-107            
-108            
-107            
-108            
-108            
-107            
-106            
-107            
-108            
-107            
-106            
-107            
-108            
-108            
-109            
-109            
-109            
-108            
-107            
-108            
-107            
-107            
-107            
-107            
-108            
-107            
-108            
-107            
-107            
-108            
-108            
-108            
-109            
-108            
-109            
-108            
-107            
-109            
-108            
-109            
-109            
-108            
-108            
-109            
-109            
-109            
-110            
-110            
-108            
-108            
-109            
-110            
-108            
-107            
-107            
-108            
-109            
-109            
-109            
-109            
-109            
-109            
-108            
-109            
-109            
-109            
-109            
-110            
-109            
-108            
-109            
-109            
-109            
-108            
-108            
-108            
-109            
-109            
-108            
-108            
-109            
-109            
-110            
-110            
-109            
-109            
-108            
-110            
-109            
-109            
-109            
-110            
-111            
-110            
-110            
-109            
-110            
-110            
-110            
-109            
-109            
-110            
-109            
-109            
-109            
-110            
-107            
-110            
-110            
-109            
-109            
-109            
-111            
-111            
-111            
-109            
-108            
-109            
-110            
-109            
-110            
-109            
-108            
-109            
-110            
-109            
-109            
-108            
-110            
-110            
-110            
-109            
-110            
-109            
-108            
-109            
-110            
-109            
-108            
-108            
-109            
-108            
-109            
-110            
-110            
-109            
-109            
-111            
-109            
-109            
-110            
-110            
-110            
-109            
-109            
-109            
-111            
-110            
-110            
-111            
-111            
-109            
-110            
-109            
-109            
-110            
-110            
-109            
-109            
-110            
-109            
-110            
-110            
-109            
-111            
-111            
-110            
-111            
-110            
-110            
-111            
-111            
-111            
-111            
-110            
-110            
-110            
-110            
-110            
-110            
-110            
-109            
-110            
-110            
-110            
-110            
-110            
-110            
-111            
-109            
-110            
-109            
-109            
-110            
-111            
-111            
-111            
-110            
-111            
-110            
-111            
-111            
-111            
-111            
-110            
-111            
-111            
-110            
-110            
-110            
-110            
-110            
-110            
-110            
-110            
-111            
-110            
-109            
-109            
-110            
-110            
-110            
-109            
-110            
-111            
-111            
-111            
-111            
-110            
-110            
-109            
-110            
-110            
-109            
-109            
-110            
-112            
-110            
-111            
-111            
-111            
-111            
-111            
-111            
-112            
-110            
-109            
-110            
-110            
-110            
-110            
-112            
-112            
-110            
-109            
-110            
-111            
-111            
-111            
-110            
-110            
-110            
-111            
-111            
-110            
-111            
-111            
-110            
-111            
-110            
-111            
-111            
-111            
-111            
-111            
-111            
-110            
-110            
-110            
-112            
-111            
-110            
-112            
-111            
-110            
-110            
-109            
-110            
-110            
-110            
-109            
-110            
-111            
-110            
-111            
-112            
-110            
-110            
-110            
-111            
-111            
-110            
-111            
-112            
-113            
-111            
-110            
-111            
-112            
-110            
-110            
-111            
-110            
-111            
-112            
-111            
-111            
-111            
-111            
-111            
-110            
-111            
-110            
-111            
-110            
-111            
-112            
-111            
-111            
-112            
-111            
-111            
-112            
-111            
-112            
-113            
-112            
-112            
-111            
-112            
-112            
-111            
-111            
-111            
-112            
-112            
-112            
-111            
-112            
-113            
-115            
-116            
-115            
0               
1638            
655             
9830            
300             
300             
0               
-15             
0               
-4              
0               
-15             
0               
6               
-20             
-3              
2344            
4687            
0               
0               
0               
32767           
0               
-20             
0               
0               
20              
0               
20              
5               
0               
20              
96              
0               
20              
96              
0               
20              
96              
0               
3000            
96              
0               
6000            
96              
0               
20              
96              
0               
20              
96              
0               
20              
96              
0               
20              
96              
0               
20              
96              
2               
0               
200             
100             
-16             
2000            
100             
-16             
0               
2               
1               
20              
4               
0               
20              
0               
0               
10              
2000            
-96             
-85             
-20             
0               
0               
-96             
-85             
-20             
-20             
0               
0               
0               
1               
700             
2               
0               
20              
0               
0               
2000            
2000            
-96             
0               
0               
0               
0               
-96             
0               
0               
0               
0               
1               
0               
1               
20              
2               
1               
20              
0               
0               
10000           
10000           
-96             
0               
0               
0               
0               
-96             
0               
0               
0               
0               
1               
0               
1               
20              
2               
1               
20              
0               
0               
10000           
10000           
-96             
0               
0               
0               
0               
-96             
0               
0               
0               
0               
1               
0               
1               
20              
2               
1               
20              
0               
0               
10000           
10000           
-96             
0               
0               
0               
0               
-96             
0               
0               
0               
0               
1               
0               
1               
20              
5               
0               
20              
0               
0               
300             
10000           
-96             
-38             
-20             
-2              
0               
-96             
-38             
-20             
-18             
-18             
0               
0               
1               
-1              
12              
0               
27233           
20              
0               
0               
0               
0               
0               
0               
0               
0               
165             
0               
0               
0               
0               
0               
0               
0               
0               
1               
2               
1               
-20             
-20             
-40             
-20             
-76             
-31             
0               
15              
96              
86              
6826            
6826            
6826            
6826            
6826            
6826            
6826            
6826            
6826            
6826            

// Volume 0
