3648            
4               
11              
0               
0               
11              
17408           
0               
0               
0               
1025            
32              
2               
5               
0               
1               

// Volume Independent Parameters
1               
0               
0               
0               
0               
6               
6               
0               
0               
0               
20              
4               
50              
10000           
-96             
-26             
-21             
0               
0               
-96             
-26             
-21             
0               
0               
0               
15              
32              
32              
32              
32              
32              
32              
32              
32              
32              
32              
32              
32              
32              
32              
32              
32              
32              
32              
32              
32              
32              
32              
31              
31              
30              
29              
29              
30              
32              
33              
34              
35              
35              
35              
36              
37              
39              
41              
44              
45              
45              
45              
44              
44              
43              
42              
41              
39              
38              
37              
35              
34              
33              
31              
30              
29              
29              
29              
30              
30              
29              
29              
29              
29              
29              
29              
29              
28              
28              
27              
27              
26              
26              
25              
25              
24              
24              
24              
24              
23              
23              
23              
23              
23              
23              
24              
24              
24              
24              
24              
24              
24              
24              
24              
24              
23              
23              
23              
23              
23              
23              
23              
23              
23              
23              
24              
24              
24              
25              
25              
25              
26              
27              
27              
28              
28              
29              
30              
30              
31              
31              
31              
32              
32              
32              
32              
32              
32              
32              
32              
31              
31              
31              
31              
30              
30              
30              
29              
29              
28              
27              
27              
26              
25              
24              
23              
22              
21              
21              
20              
19              
19              
18              
17              
17              
17              
16              
16              
16              
16              
16              
16              
17              
17              
17              
17              
18              
18              
18              
18              
19              
19              
19              
19              
19              
19              
19              
18              
18              
18              
17              
17              
17              
16              
16              
16              
16              
15              
15              
15              
15              
15              
14              
14              
14              
14              
13              
13              
13              
12              
12              
11              
11              
11              
10              
10              
10              
9               
9               
9               
9               
8               
8               
8               
8               
8               
7               
7               
7               
7               
7               
6               
6               
6               
6               
5               
5               
5               
4               
4               
4               
4               
3               
3               
3               
3               
3               
3               
3               
3               
3               
2               
2               
2               
2               
2               
2               
2               
2               
2               
2               
2               
2               
2               
2               
2               
2               
2               
2               
2               
2               
2               
2               
2               
1               
1               
1               
1               
1               
1               
1               
1               
1               
1               
1               
1               
1               
1               
1               
1               
1               
1               
1               
1               
1               
1               
1               
1               
1               
2               
2               
2               
2               
2               
2               
2               
2               
2               
2               
2               
2               
2               
2               
3               
3               
3               
3               
3               
3               
3               
3               
3               
3               
3               
3               
3               
3               
3               
3               
3               
3               
4               
4               
4               
4               
4               
4               
4               
4               
5               
5               
5               
5               
5               
5               
5               
5               
5               
6               
6               
6               
6               
6               
7               
7               
7               
7               
8               
8               
8               
9               
9               
9               
10              
10              
10              
11              
11              
11              
12              
12              
12              
13              
13              
13              
13              
14              
14              
14              
14              
14              
14              
14              
14              
14              
13              
13              
13              
13              
13              
13              
13              
14              
14              
14              
14              
14              
14              
15              
15              
15              
15              
15              
15              
15              
15              
15              
15              
15              
16              
16              
16              
16              
16              
16              
17              
17              
17              
17              
18              
18              
18              
18              
18              
18              
18              
17              
18              
18              
18              
18              
18              
18              
18              
18              
18              
18              
18              
18              
18              
18              
18              
18              
18              
18              
18              
18              
18              
18              
18              
17              
17              
17              
17              
17              
17              
17              
17              
17              
17              
17              
17              
17              
17              
17              
17              
17              
17              
16              
16              
16              
15              
15              
14              
14              
14              
13              
13              
12              
12              
12              
12              
12              
12              
12              
12              
12              
12              
13              
13              
13              
13              
13              
13              
14              
14              
14              
13              
13              
13              
13              
12              
12              
12              
12              
12              
11              
11              
11              
11              
11              
11              
11              
11              
11              
11              
11              
11              
11              
11              
11              
11              
11              
10              
8               
7               
7               
7               
7               
7               
8               
8               
8               
10              
12              
15              
18              
19              
23              
26              
25              
26              
29              
26              
23              
23              
21              
17              
16              
14              
11              
11              
11              
9               
9               
9               
8               
7               
7               
7               
6               
6               
6               
5               
4               
4               
5               
6               
10              
17              
23              
25              
25              
25              
25              
25              
25              
25              
25              
25              
25              
25              
25              
25              
25              
25              
25              
25              
16              
16              
32              
32              
32              
32              
32              
32              
32              
32              
32              
32              
32              
32              
32              
32              
32              
32              
32              
32              
32              
32              
32              
32              
31              
31              
31              
31              
31              
32              
33              
34              
34              
35              
35              
35              
37              
40              
42              
44              
46              
47              
47              
48              
48              
48              
48              
47              
46              
44              
42              
39              
38              
36              
34              
32              
29              
28              
27              
27              
27              
28              
28              
28              
29              
29              
30              
30              
31              
30              
30              
29              
29              
28              
28              
27              
26              
26              
25              
25              
24              
24              
23              
23              
23              
23              
23              
23              
23              
24              
24              
25              
25              
26              
26              
27              
27              
28              
28              
28              
29              
29              
29              
29              
28              
28              
28              
28              
27              
27              
27              
27              
26              
26              
26              
26              
26              
26              
27              
27              
27              
28              
28              
28              
29              
29              
29              
29              
30              
30              
30              
30              
30              
30              
29              
29              
29              
29              
28              
28              
28              
27              
27              
27              
27              
26              
26              
26              
26              
25              
25              
25              
24              
24              
23              
23              
22              
21              
21              
20              
20              
19              
19              
18              
18              
17              
17              
17              
17              
16              
16              
16              
16              
16              
16              
15              
15              
15              
15              
15              
15              
15              
15              
15              
14              
14              
14              
14              
13              
13              
13              
12              
12              
12              
12              
11              
11              
11              
11              
11              
11              
10              
10              
10              
10              
10              
10              
10              
10              
10              
10              
10              
10              
10              
10              
10              
9               
9               
9               
8               
8               
8               
8               
7               
7               
7               
6               
6               
6               
6               
6               
5               
5               
5               
5               
5               
5               
5               
4               
4               
4               
4               
4               
4               
4               
3               
3               
3               
3               
3               
3               
3               
3               
3               
3               
3               
3               
3               
2               
2               
2               
2               
2               
2               
2               
2               
2               
2               
2               
2               
2               
2               
2               
1               
1               
1               
1               
1               
1               
1               
1               
1               
1               
1               
1               
1               
1               
1               
2               
2               
2               
2               
2               
2               
2               
2               
2               
2               
2               
3               
3               
3               
3               
3               
3               
3               
3               
3               
3               
3               
3               
3               
3               
3               
4               
4               
4               
4               
4               
4               
4               
4               
4               
4               
5               
5               
5               
5               
5               
5               
5               
5               
5               
5               
6               
6               
6               
6               
6               
6               
6               
6               
7               
7               
7               
7               
8               
8               
8               
9               
9               
9               
10              
10              
10              
10              
11              
11              
11              
11              
12              
12              
12              
12              
12              
12              
12              
12              
12              
13              
13              
13              
13              
13              
13              
13              
13              
14              
14              
14              
14              
14              
14              
14              
14              
13              
13              
13              
13              
13              
13              
13              
13              
13              
14              
14              
14              
14              
14              
14              
15              
15              
15              
15              
15              
16              
16              
16              
16              
16              
16              
16              
16              
16              
16              
16              
15              
15              
15              
15              
15              
15              
15              
15              
15              
15              
15              
15              
15              
15              
15              
15              
15              
15              
15              
15              
15              
15              
15              
14              
14              
14              
14              
14              
14              
14              
14              
14              
14              
14              
14              
14              
14              
14              
15              
15              
15              
15              
15              
16              
16              
16              
16              
16              
16              
16              
16              
16              
16              
16              
15              
15              
15              
15              
14              
14              
14              
14              
14              
13              
13              
13              
13              
13              
13              
13              
13              
13              
13              
14              
14              
14              
14              
14              
14              
14              
13              
13              
13              
13              
13              
13              
13              
13              
13              
13              
13              
13              
13              
13              
13              
13              
13              
13              
13              
13              
13              
12              
13              
15              
16              
17              
19              
18              
18              
22              
28              
30              
34              
39              
43              
46              
50              
51              
51              
51              
51              
45              
40              
43              
44              
39              
37              
37              
33              
29              
30              
28              
23              
21              
19              
16              
14              
13              
10              
6               
5               
5               
5               
6               
10              
16              
18              
18              
18              
18              
18              
18              
18              
18              
18              
18              
18              
18              
18              
18              
18              
18              
18              
18              
24              
24              
32              
32              
32              
32              
32              
32              
32              
32              
32              
32              
32              
32              
32              
32              
32              
32              
32              
32              
32              
32              
32              
32              
32              
32              
32              
32              
32              
32              
32              
32              
32              
32              
32              
32              
32              
32              
32              
32              
32              
32              
32              
32              
32              
32              
32              
32              
32              
32              
32              
32              
32              
32              
32              
32              
32              
32              
32              
32              
32              
32              
32              
32              
32              
32              
32              
32              
32              
32              
32              
32              
32              
32              
32              
32              
32              
32              
32              
32              
32              
32              
32              
32              
32              
32              
32              
32              
32              
32              
32              
32              
32              
32              
32              
32              
32              
32              
32              
32              
32              
32              
32              
32              
32              
32              
32              
32              
32              
32              
32              
32              
32              
32              
32              
32              
32              
32              
32              
32              
32              
32              
32              
32              
32              
32              
32              
32              
32              
32              
32              
32              
32              
32              
32              
32              
32              
32              
32              
32              
32              
32              
32              
32              
32              
32              
32              
32              
32              
32              
32              
32              
32              
32              
32              
32              
32              
32              
32              
32              
32              
32              
32              
32              
32              
32              
32              
32              
32              
32              
32              
32              
32              
32              
32              
32              
32              
32              
32              
32              
32              
32              
32              
32              
32              
32              
32              
32              
32              
32              
32              
32              
32              
32              
32              
32              
32              
32              
32              
32              
32              
32              
32              
32              
32              
32              
32              
32              
32              
32              
32              
32              
32              
32              
32              
32              
32              
32              
32              
32              
32              
32              
32              
32              
32              
32              
32              
32              
32              
32              
32              
32              
32              
32              
32              
32              
32              
32              
32              
32              
32              
32              
32              
32              
32              
32              
32              
32              
32              
32              
32              
32              
32              
32              
32              
32              
32              
32              
32              
32              
32              
32              
32              
32              
32              
32              
32              
32              
32              
32              
32              
32              
32              
32              
32              
32              
32              
32              
32              
32              
32              
32              
32              
32              
32              
32              
32              
32              
32              
32              
32              
32              
32              
32              
32              
32              
32              
32              
32              
32              
32              
32              
32              
32              
32              
32              
32              
32              
32              
32              
32              
32              
32              
32              
32              
32              
32              
32              
32              
32              
32              
32              
32              
32              
32              
32              
32              
32              
32              
32              
32              
32              
32              
32              
32              
32              
32              
32              
32              
32              
32              
32              
32              
32              
32              
32              
32              
32              
32              
32              
32              
32              
32              
32              
32              
32              
32              
32              
32              
32              
32              
32              
32              
32              
32              
32              
32              
32              
32              
32              
32              
32              
32              
32              
32              
32              
32              
32              
32              
32              
32              
32              
32              
32              
32              
32              
32              
32              
32              
32              
32              
32              
32              
32              
32              
32              
32              
32              
32              
32              
32              
32              
32              
32              
32              
32              
32              
32              
32              
32              
32              
32              
32              
32              
32              
32              
32              
32              
32              
32              
32              
32              
32              
32              
32              
32              
32              
32              
32              
32              
32              
32              
32              
32              
32              
32              
32              
32              
32              
32              
32              
32              
32              
32              
32              
32              
32              
32              
32              
32              
32              
32              
32              
32              
32              
32              
32              
32              
32              
32              
32              
32              
32              
32              
32              
32              
32              
32              
32              
32              
32              
32              
32              
32              
32              
32              
32              
32              
32              
32              
32              
32              
32              
32              
32              
32              
32              
32              
32              
32              
32              
32              
32              
32              
32              
32              
32              
32              
32              
32              
32              
32              
32              
32              
32              
32              
32              
32              
32              
32              
32              
32              
32              
32              
32              
32              
32              
32              
32              
32              
32              
32              
32              
32              
32              
32              
32              
32              
32              
32              
32              
32              
32              
32              
32              
32              
32              
32              
32              
32              
32              
32              
32              
32              
32              
32              
32              
32              
32              
32              
32              
32              
32              
32              
32              
32              
32              
32              
32              
32              
32              
32              
32              
32              
32              
32              
32              
32              
32              
32              
32              
32              
32              
32              
32              
32              
32              
32              
32              
32              
32              
32              
32              
32              
32              
32              
32              
32              
32              
32              
32              
32              
32              
32              
32              
32              
32              
32              
32              
32              
32              
32              
32              
32              
32              
32              
32              
32              
32              
32              
32              
32              
32              
32              
32              
32              
32              
32              
32              
32              
32              
32              
32              
32              
32              
32              
32              
32              
32              
32              
32              
32              
32              
32              
32              
32              
32              
32              
32              
32              
32              
32              
32              
32              
32              
32              
32              
32              
32              
32              
32              
32              
32              
32              
32              
32              
32              
32              
32              
32              
32              
32              
32              
32              
32              
32              
32              
32              
32              
32              
32              
32              
32              
32              
32              
32              
32              
32              
32              
32              
32              
32              
32              
32              
32              
32              
32              
32              
32              
32              
32              
32              
32              
32              
32              
32              
32              
32              
32              
32              
32              
32              
32              
32              
32              
32              
32              
32              
32              
32              
32              
32              
32              
32              
32              
32              
32              
32              
32              
32              
32              
32              
32              
32              
32              
32              
32              
32              
32              
32              
32              
32              
32              
32              
32              
32              
32              
32              
32              
32              
32              
32              
32              
32              
32              
32              
32              
32              
32              
32              
32              
32              
32              
32              
32              
32              
32              
32              
32              
32              
32              
32              
32              
32              
32              
32              
32              
32              
32              
32              
32              
32              
32              
32              
32              
32              
32              
32              
32              
32              
32              
32              
32              
32              
32              
32              
32              
32              
32              
32              
32              
32              
32              
32              
32              
32              
32              
32              
32              
32              
32              
32              
32              
32              
32              
32              
32              
32              
32              
32              
32              
32              
32              
32              
32              
32              
32              
32              
32              
32              
32              
32              
32              
32              
32              
32              
32              
32              
32              
32              
32              
32              
32              
32              
32              
32              
32              
32              
32              
32              
32              
32              
32              
32              
32              
32              
32              
32              
32              
32              
32              
32              
32              
32              
32              
32              
32              
32              
32              
32              
32              
32              
32              
32              
32              
32              
32              
32              
32              
32              
32              
32              
32              
32              
32              
32              
32              
32              
32              
32              
32              
32              
32              
32              
32              
32              
32              
32              
32              
32              
32              
32              
32              
32              
32              
32              
32              
32              
32              
32              
32              
32              
32              
32              
32              
32              
32              
32              
32              
32              
32              
32              
32              
32              
32              
32              
32              
32              
32              
32              
32              
32              
32              
32              
32              
32              
32              
32              
32              
32              
32              
32              
32              
32              
32              
32              
32              
32              
32              
32              
32              
32              
32              
32              
32              
32              
32              
32              
32              
32              
32              
32              
32              
32              
32              
32              
32              
32              
32              
32              
32              
32              
32              
32              
32              
32              
32              
32              
32              
32              
32              
32              
32              
32              
32              
32              
32              
32              
32              
32              
32              
32              
32              
32              
32              
32              
32              
32              
32              
32              
32              
32              
32              
32              
32              
32              
32              
32              
32              
32              
32              
32              
32              
32              
32              
32              
32              
32              
32              
32              
32              
32              
32              
32              
32              
32              
32              
32              
32              
32              
32              
32              
32              
32              
32              
32              
32              
32              
32              
32              
32              
32              
32              
32              
32              
32              
32              
32              
32              
32              
32              
32              
32              
32              
32              
32              
32              
32              
32              
32              
32              
32              
32              
32              
32              
32              
32              
32              
32              
32              
32              
32              
32              
32              
32              
32              
32              
32              
32              
32              
32              
32              
32              
32              
32              
32              
32              
32              
32              
32              
32              
32              
32              
32              
32              
32              
32              
32              
32              
32              
32              
32              
32              
32              
32              
32              
32              
32              
32              
32              
32              
32              
32              
32              
32              
32              
32              
32              
32              
32              
32              
32              
32              
32              
32              
32              
32              
32              
32              
32              
32              
32              
32              
32              
32              
32              
32              
32              
32              
32              
32              
32              
32              
32              
32              
32              
32              
32              
32              
32              
32              
32              
32              
32              
32              
32              
32              
32              
32              
32              
32              
32              
32              
32              
32              
32              
32              
32              
32              
32              
32              
32              
0               
70              
70              
-6              
-6              
-48             
-48             
0               
32767           
33              
40              
100             
1               
0               
0               
32767           
-6              
0               
-115            
-113            
-97             
-92             
-92             
-97             
-98             
-100            
-102            
-103            
-103            
-104            
-104            
-104            
-105            
-106            
-106            
-106            
-107            
-107            
-107            
-107            
-107            
-107            
-107            
-107            
-108            
-108            
-108            
-108            
-108            
-108            
-109            
-108            
-108            
-109            
-109            
-109            
-110            
-109            
-109            
-109            
-110            
-109            
-110            
-110            
-110            
-110            
-109            
-110            
-110            
-110            
-110            
-110            
-109            
-110            
-110            
-111            
-110            
-110            
-110            
-110            
-110            
-111            
-111            
-110            
-110            
-110            
-110            
-110            
-110            
-111            
-110            
-111            
-111            
-111            
-111            
-111            
-111            
-111            
-110            
-110            
-111            
-111            
-111            
-111            
-111            
-111            
-111            
-111            
-111            
-111            
-111            
-112            
-111            
-111            
-111            
-111            
-112            
-112            
-112            
-111            
-111            
-111            
-111            
-111            
-111            
-111            
-112            
-111            
-111            
-112            
-111            
-111            
-111            
-111            
-111            
-111            
-111            
-112            
-112            
-112            
-112            
-112            
-112            
-112            
-112            
-111            
-111            
-112            
-112            
-112            
-112            
-112            
-112            
-112            
-112            
-112            
-112            
-112            
-112            
-112            
-112            
-112            
-111            
-111            
-112            
-112            
-111            
-112            
-112            
-112            
-111            
-112            
-112            
-112            
-112            
-112            
-112            
-112            
-112            
-112            
-112            
-112            
-112            
-112            
-112            
-112            
-112            
-112            
-112            
-112            
-111            
-111            
-112            
-111            
-111            
-112            
-112            
-111            
-112            
-112            
-112            
-112            
-112            
-112            
-112            
-112            
-112            
-112            
-112            
-112            
-112            
-112            
-112            
-112            
-111            
-111            
-111            
-112            
-112            
-112            
-112            
-112            
-112            
-111            
-112            
-112            
-112            
-111            
-112            
-112            
-112            
-111            
-111            
-111            
-111            
-111            
-111            
-112            
-111            
-111            
-111            
-112            
-111            
-111            
-111            
-111            
-111            
-111            
-111            
-111            
-111            
-111            
-111            
-111            
-111            
-111            
-111            
-111            
-111            
-110            
-111            
-111            
-110            
-110            
-110            
-110            
-110            
-110            
-109            
-110            
-109            
-109            
-109            
-110            
-109            
-109            
-108            
-108            
-108            
-108            
-108            
-108            
-108            
-107            
-107            
-107            
-107            
-107            
-107            
-107            
-107            
-106            
-106            
-106            
-106            
-106            
-106            
-107            
-106            
-106            
-106            
-106            
-107            
-107            
-107            
-108            
-108            
-108            
-108            
-109            
-109            
-109            
-109            
-109            
-109            
-110            
-109            
-109            
-109            
-110            
-110            
-110            
-111            
-111            
-111            
-111            
-111            
-111            
-111            
-110            
-111            
-111            
-111            
-111            
-111            
-111            
-112            
-112            
-111            
-112            
-111            
-111            
-111            
-112            
-111            
-112            
-112            
-112            
-111            
-112            
-112            
-111            
-112            
-113            
-112            
-112            
-112            
-113            
-112            
-112            
-112            
-112            
-112            
-112            
-113            
-113            
-112            
-112            
-112            
-112            
-113            
-112            
-112            
-113            
-112            
-113            
-113            
-112            
-113            
-113            
-112            
-112            
-112            
-112            
-112            
-112            
-113            
-112            
-112            
-112            
-112            
-112            
-112            
-112            
-113            
-112            
-112            
-112            
-112            
-113            
-113            
-112            
-112            
-112            
-112            
-112            
-113            
-112            
-112            
-112            
-112            
-112            
-112            
-113            
-113            
-113            
-112            
-112            
-112            
-112            
-112            
-113            
-112            
-113            
-112            
-112            
-112            
-112            
-112            
-113            
-112            
-113            
-112            
-113            
-113            
-112            
-112            
-113            
-113            
-112            
-112            
-112            
-112            
-112            
-112            
-112            
-112            
-112            
-113            
-113            
-113            
-113            
-112            
-112            
-112            
-112            
-112            
-112            
-112            
-112            
-112            
-112            
-112            
-112            
-114            
-113            
-113            
-112            
-112            
-112            
-112            
-112            
-113            
-113            
-113            
-113            
-112            
-112            
-113            
-113            
-113            
-112            
-112            
-113            
-113            
-113            
-112            
-112            
-112            
-112            
-113            
-112            
-112            
-113            
-113            
-112            
-113            
-112            
-112            
-112            
-113            
-113            
-113            
-112            
-112            
-113            
-113            
-112            
-112            
-112            
-112            
-112            
-112            
-112            
-112            
-112            
-112            
-112            
-111            
-112            
-112            
-112            
-112            
-113            
-112            
-112            
-113            
-114            
-114            
-115            
-116            
-116            
-115            
-114            
-100            
-93             
-97             
-99             
-101            
-102            
-104            
-104            
-104            
-105            
-105            
-106            
-106            
-107            
-107            
-107            
-108            
-108            
-107            
-108            
-107            
-108            
-108            
-108            
-108            
-108            
-109            
-109            
-109            
-109            
-109            
-109            
-110            
-109            
-109            
-109            
-109            
-109            
-109            
-109            
-109            
-109            
-110            
-110            
-109            
-110            
-109            
-110            
-110            
-110            
-110            
-110            
-110            
-110            
-111            
-110            
-110            
-110            
-110            
-110            
-110            
-111            
-110            
-110            
-111            
-111            
-110            
-110            
-111            
-111            
-111            
-111            
-111            
-111            
-111            
-111            
-111            
-111            
-111            
-111            
-111            
-111            
-111            
-111            
-111            
-111            
-111            
-111            
-111            
-111            
-111            
-112            
-111            
-111            
-111            
-111            
-111            
-111            
-111            
-111            
-111            
-111            
-111            
-111            
-112            
-112            
-111            
-111            
-112            
-112            
-111            
-111            
-112            
-111            
-111            
-111            
-111            
-111            
-111            
-111            
-111            
-112            
-111            
-111            
-111            
-111            
-111            
-111            
-112            
-112            
-111            
-111            
-111            
-112            
-111            
-111            
-111            
-112            
-111            
-111            
-111            
-111            
-111            
-112            
-111            
-112            
-111            
-111            
-111            
-111            
-112            
-111            
-111            
-111            
-111            
-112            
-111            
-111            
-111            
-112            
-111            
-112            
-112            
-111            
-111            
-112            
-112            
-111            
-111            
-111            
-111            
-111            
-112            
-112            
-111            
-111            
-111            
-112            
-112            
-111            
-111            
-111            
-112            
-111            
-111            
-112            
-111            
-111            
-112            
-111            
-111            
-111            
-111            
-111            
-112            
-111            
-111            
-111            
-111            
-111            
-111            
-111            
-111            
-111            
-111            
-111            
-110            
-111            
-111            
-111            
-111            
-111            
-110            
-111            
-111            
-111            
-110            
-111            
-111            
-110            
-111            
-111            
-111            
-111            
-111            
-110            
-110            
-110            
-110            
-110            
-110            
-110            
-110            
-110            
-110            
-110            
-109            
-109            
-110            
-110            
-110            
-110            
-110            
-109            
-109            
-108            
-109            
-109            
-109            
-109            
-108            
-108            
-108            
-108            
-108            
-107            
-108            
-108            
-107            
-107            
-107            
-106            
-106            
-106            
-106            
-105            
-105            
-105            
-105            
-104            
-103            
-104            
-104            
-104            
-103            
-103            
-103            
-102            
-103            
-103            
-103            
-103            
-104            
-103            
-104            
-104            
-105            
-105            
-105            
-106            
-106            
-106            
-107            
-107            
-107            
-107            
-108            
-108            
-107            
-108            
-108            
-109            
-108            
-109            
-109            
-110            
-109            
-109            
-110            
-110            
-110            
-110            
-110            
-110            
-110            
-110            
-110            
-110            
-110            
-110            
-110            
-111            
-111            
-111            
-111            
-111            
-111            
-111            
-111            
-111            
-112            
-112            
-111            
-111            
-111            
-111            
-111            
-111            
-112            
-111            
-111            
-112            
-111            
-112            
-112            
-112            
-112            
-112            
-111            
-111            
-111            
-112            
-112            
-111            
-112            
-111            
-112            
-112            
-112            
-112            
-112            
-112            
-112            
-112            
-112            
-112            
-111            
-112            
-112            
-112            
-112            
-113            
-112            
-112            
-112            
-112            
-112            
-112            
-112            
-112            
-112            
-112            
-112            
-112            
-112            
-112            
-112            
-112            
-112            
-113            
-112            
-112            
-113            
-112            
-112            
-112            
-112            
-112            
-112            
-112            
-112            
-113            
-112            
-112            
-112            
-112            
-113            
-112            
-112            
-112            
-112            
-112            
-112            
-112            
-112            
-112            
-112            
-112            
-112            
-113            
-112            
-112            
-112            
-112            
-113            
-112            
-112            
-112            
-112            
-112            
-112            
-112            
-112            
-113            
-112            
-112            
-112            
-112            
-112            
-113            
-113            
-112            
-112            
-112            
-112            
-113            
-113            
-112            
-113            
-112            
-112            
-112            
-112            
-113            
-113            
-112            
-111            
-112            
-112            
-112            
-112            
-112            
-112            
-111            
-112            
-111            
-112            
-113            
-112            
-112            
-112            
-112            
-112            
-112            
-112            
-112            
-112            
-112            
-112            
-112            
-112            
-112            
-112            
-113            
-112            
-112            
-112            
-112            
-112            
-112            
-112            
-113            
-113            
-112            
-112            
-111            
-111            
-112            
-112            
-112            
-112            
-112            
-112            
-112            
-112            
-112            
-113            
-114            
-114            
-115            
0               
1638            
655             
9830            
300             
300             
0               
-15             
0               
-4              
0               
-15             
0               
6               
-20             
-3              
2344            
4687            
0               
0               
0               
32767           
0               
-20             
1               
0               
20              
0               
20              
2               
-9216           
6500            
800             
-3072           
13000           
100             
-2048           
2000            
300             
-1536           
4300            
500             
-5120           
12000           
200             
-5632           
15500           
200             
-1024           
1000            
100             
-1024           
350             
100             
973             
13857           
1000            
0               
15005           
100             
2               
0               
200             
100             
-16             
2000            
100             
-16             
1               
1               
0               
20              
3               
0               
20              
0               
0               
10              
2000            
-96             
-80             
0               
0               
0               
-96             
-80             
0               
0               
0               
0               
0               
0               
700             
2               
0               
20              
0               
0               
2000            
2000            
-96             
0               
0               
0               
0               
-96             
0               
0               
0               
0               
1               
0               
0               
20              
2               
0               
20              
0               
0               
10000           
10000           
-96             
0               
0               
0               
0               
-96             
0               
0               
0               
0               
1               
0               
0               
20              
2               
0               
20              
0               
0               
10000           
10000           
-96             
0               
0               
0               
0               
-96             
0               
0               
0               
0               
1               
0               
0               
20              
2               
0               
20              
0               
0               
10000           
10000           
-96             
0               
0               
0               
0               
-96             
0               
0               
0               
0               
1               
0               
1               
20              
5               
0               
20              
0               
0               
50              
2000            
-96             
-72             
-65             
-21             
0               
-96             
-72             
-50             
-6              
-1              
0               
-1              
1               
-1              
0               
0               
27233           
20              
0               
0               
0               
0               
0               
0               
0               
0               
165             
0               
0               
0               
0               
0               
0               
0               
0               
1               
2               
1               
-20             
-20             
-40             
-20             
-76             
-31             
0               
15              
96              
86              
6826            
6826            
6826            
6826            
6826            
6826            
6826            
6826            
6826            
6826            

// Volume 0
