3648            
4               
11              
0               
0               
11              
17408           
0               
0               
0               
1025            
32              
2               
6               
0               
1               

// Volume Independent Parameters
1               
0               
0               
0               
0               
0               
0               
0               
0               
1               
20              
4               
100             
10000           
-85             
-26             
-6              
0               
0               
-96             
-26             
-26             
-23             
0               
0               
0               
32              
32              
32              
32              
32              
32              
32              
32              
32              
31              
31              
29              
28              
27              
27              
26              
26              
25              
26              
26              
26              
26              
26              
26              
26              
25              
25              
24              
24              
24              
23              
24              
24              
24              
25              
25              
25              
25              
25              
24              
25              
25              
25              
26              
27              
27              
28              
28              
27              
27              
26              
26              
26              
26              
25              
25              
25              
26              
25              
25              
25              
25              
24              
24              
23              
23              
23              
23              
23              
23              
23              
23              
23              
23              
22              
22              
22              
22              
23              
23              
23              
23              
24              
24              
24              
24              
24              
24              
24              
23              
23              
24              
23              
23              
24              
24              
24              
24              
23              
23              
23              
23              
23              
23              
23              
23              
24              
24              
24              
24              
24              
23              
24              
23              
23              
23              
23              
23              
23              
23              
22              
22              
22              
21              
21              
21              
21              
21              
21              
22              
22              
22              
22              
22              
22              
22              
22              
22              
22              
22              
23              
23              
23              
23              
23              
23              
23              
23              
23              
23              
23              
24              
24              
25              
25              
25              
26              
26              
26              
26              
27              
27              
28              
28              
28              
28              
27              
27              
27              
26              
26              
26              
26              
25              
24              
24              
24              
24              
23              
22              
22              
21              
21              
21              
20              
21              
20              
20              
20              
20              
19              
19              
19              
18              
18              
18              
18              
18              
18              
17              
17              
17              
17              
17              
17              
16              
16              
16              
16              
16              
16              
15              
15              
15              
15              
15              
15              
15              
15              
15              
15              
14              
14              
14              
14              
14              
14              
14              
14              
14              
15              
15              
15              
15              
15              
15              
15              
15              
14              
14              
15              
14              
14              
14              
14              
14              
13              
13              
13              
13              
12              
12              
12              
12              
12              
11              
11              
11              
10              
10              
10              
10              
10              
10              
10              
9               
9               
9               
9               
9               
9               
8               
8               
8               
8               
8               
8               
8               
8               
8               
8               
7               
7               
7               
7               
7               
7               
7               
7               
6               
6               
6               
6               
6               
6               
6               
5               
5               
5               
5               
5               
5               
5               
4               
4               
4               
4               
4               
4               
4               
4               
4               
3               
3               
3               
3               
3               
3               
3               
3               
3               
3               
3               
3               
3               
3               
3               
3               
3               
3               
3               
3               
3               
3               
3               
3               
3               
3               
3               
3               
3               
3               
3               
3               
3               
3               
3               
3               
3               
3               
3               
4               
4               
4               
4               
4               
4               
4               
4               
4               
4               
4               
4               
5               
5               
5               
5               
5               
5               
5               
5               
5               
5               
6               
6               
6               
6               
6               
6               
6               
6               
6               
7               
7               
7               
7               
7               
7               
7               
7               
7               
7               
7               
7               
7               
7               
7               
7               
7               
7               
7               
7               
8               
8               
8               
8               
8               
8               
8               
8               
8               
8               
8               
8               
8               
8               
8               
8               
9               
9               
9               
9               
9               
9               
9               
9               
9               
9               
9               
9               
9               
9               
9               
9               
9               
10              
9               
9               
10              
10              
10              
10              
10              
10              
11              
11              
11              
11              
11              
11              
11              
11              
12              
12              
12              
12              
12              
12              
12              
12              
13              
13              
13              
13              
13              
13              
13              
13              
14              
14              
14              
14              
14              
14              
14              
14              
14              
14              
14              
14              
14              
13              
14              
14              
13              
13              
13              
13              
13              
13              
13              
12              
12              
12              
12              
12              
12              
11              
11              
11              
11              
11              
11              
11              
11              
11              
11              
10              
10              
10              
11              
11              
10              
10              
10              
10              
10              
10              
10              
11              
11              
11              
10              
9               
8               
7               
6               
5               
4               
4               
4               
4               
5               
5               
5               
5               
6               
6               
6               
6               
7               
8               
8               
10              
11              
13              
15              
16              
17              
16              
16              
16              
17              
17              
17              
18              
19              
19              
19              
19              
19              
19              
19              
19              
19              
19              
19              
19              
19              
19              
19              
19              
19              
19              
19              
19              
19              
19              
13              
13              
32              
32              
32              
32              
32              
32              
32              
32              
32              
27              
26              
25              
24              
24              
23              
23              
23              
23              
23              
24              
25              
25              
25              
25              
25              
25              
26              
25              
25              
25              
24              
24              
25              
25              
25              
25              
24              
24              
24              
24              
24              
25              
25              
26              
27              
27              
28              
28              
27              
27              
26              
25              
24              
24              
23              
23              
24              
24              
23              
23              
22              
21              
20              
20              
19              
19              
19              
19              
20              
20              
21              
21              
21              
21              
21              
21              
20              
20              
21              
21              
22              
22              
22              
22              
21              
21              
20              
20              
19              
19              
19              
19              
19              
20              
20              
20              
19              
19              
19              
19              
19              
19              
19              
20              
20              
21              
22              
22              
22              
22              
23              
22              
23              
22              
23              
23              
23              
24              
24              
24              
23              
23              
23              
23              
23              
22              
22              
23              
23              
24              
24              
24              
24              
24              
24              
23              
23              
24              
24              
25              
25              
25              
25              
24              
24              
24              
24              
23              
23              
23              
23              
23              
24              
24              
24              
23              
23              
22              
22              
22              
23              
23              
23              
24              
24              
24              
24              
24              
23              
23              
24              
24              
24              
24              
24              
24              
24              
24              
24              
23              
23              
22              
22              
22              
22              
22              
22              
22              
22              
21              
21              
20              
20              
21              
21              
21              
21              
21              
21              
21              
21              
21              
21              
20              
21              
20              
20              
21              
21              
20              
20              
20              
19              
19              
19              
19              
19              
18              
18              
18              
18              
18              
18              
18              
17              
17              
17              
17              
17              
17              
17              
17              
16              
16              
16              
16              
16              
16              
16              
15              
15              
15              
15              
15              
15              
15              
15              
15              
15              
15              
14              
14              
14              
14              
14              
13              
13              
13              
13              
13              
13              
13              
12              
12              
11              
11              
11              
11              
10              
10              
10              
10              
10              
9               
9               
9               
8               
8               
8               
8               
8               
8               
8               
8               
8               
8               
7               
7               
7               
7               
7               
7               
7               
7               
7               
7               
7               
7               
7               
6               
6               
6               
6               
6               
6               
6               
6               
6               
5               
5               
5               
5               
5               
5               
5               
5               
5               
5               
5               
5               
4               
4               
4               
4               
4               
4               
4               
4               
4               
4               
4               
4               
4               
4               
3               
3               
3               
3               
3               
3               
3               
3               
3               
3               
3               
3               
3               
3               
3               
3               
3               
3               
3               
3               
3               
3               
3               
2               
2               
2               
3               
3               
3               
3               
3               
3               
3               
3               
3               
3               
3               
3               
3               
3               
3               
3               
3               
3               
3               
3               
3               
3               
4               
4               
4               
4               
4               
4               
4               
4               
4               
5               
5               
5               
5               
5               
5               
5               
5               
5               
5               
5               
6               
6               
6               
6               
6               
6               
6               
6               
6               
6               
7               
7               
7               
7               
7               
7               
8               
8               
8               
8               
8               
9               
9               
9               
9               
9               
9               
9               
10              
10              
10              
10              
10              
10              
10              
10              
10              
10              
10              
10              
10              
10              
10              
10              
10              
10              
10              
11              
11              
11              
11              
11              
11              
11              
11              
11              
11              
11              
12              
12              
12              
12              
12              
12              
12              
13              
13              
13              
13              
13              
13              
13              
13              
13              
13              
13              
13              
13              
13              
13              
14              
14              
14              
14              
14              
13              
13              
13              
13              
13              
13              
14              
14              
13              
14              
13              
13              
13              
13              
13              
14              
14              
14              
14              
14              
14              
14              
14              
14              
14              
14              
14              
14              
14              
15              
14              
13              
12              
11              
11              
11              
10              
10              
10              
11              
10              
9               
8               
7               
7               
6               
5               
5               
5               
5               
4               
4               
4               
3               
3               
3               
3               
4               
4               
5               
5               
5               
6               
6               
7               
8               
8               
9               
10              
10              
10              
10              
10              
10              
10              
10              
10              
10              
10              
10              
10              
10              
10              
10              
10              
10              
10              
10              
10              
10              
10              
9               
9               
32              
32              
32              
32              
32              
32              
32              
32              
32              
32              
32              
32              
32              
32              
32              
32              
32              
32              
32              
32              
32              
32              
32              
32              
32              
32              
32              
32              
32              
32              
32              
32              
32              
32              
32              
32              
32              
32              
32              
32              
32              
32              
32              
32              
32              
32              
32              
32              
32              
32              
32              
32              
32              
32              
32              
32              
32              
32              
32              
32              
32              
32              
32              
32              
32              
32              
32              
32              
32              
32              
32              
32              
32              
32              
32              
32              
32              
32              
32              
32              
32              
32              
32              
32              
32              
32              
32              
32              
32              
32              
32              
32              
32              
32              
32              
32              
32              
32              
32              
32              
32              
32              
32              
32              
32              
32              
32              
32              
32              
32              
32              
32              
32              
32              
32              
32              
32              
32              
32              
32              
32              
32              
32              
32              
32              
32              
32              
32              
32              
32              
32              
32              
32              
32              
32              
32              
32              
32              
32              
32              
32              
32              
32              
32              
32              
32              
32              
32              
32              
32              
32              
32              
32              
32              
32              
32              
32              
32              
32              
32              
32              
32              
32              
32              
32              
32              
32              
32              
32              
32              
32              
32              
32              
32              
32              
32              
32              
32              
32              
32              
32              
32              
32              
32              
32              
32              
32              
32              
32              
32              
32              
32              
32              
32              
32              
32              
32              
32              
32              
32              
32              
32              
32              
32              
32              
32              
32              
32              
32              
32              
32              
32              
32              
32              
32              
32              
32              
32              
32              
32              
32              
32              
32              
32              
32              
32              
32              
32              
32              
32              
32              
32              
32              
32              
32              
32              
32              
32              
32              
32              
32              
32              
32              
32              
32              
32              
32              
32              
32              
32              
32              
32              
32              
32              
32              
32              
32              
32              
32              
32              
32              
32              
32              
32              
32              
32              
32              
32              
32              
32              
32              
32              
32              
32              
32              
32              
32              
32              
32              
32              
32              
32              
32              
32              
32              
32              
32              
32              
32              
32              
32              
32              
32              
32              
32              
32              
32              
32              
32              
32              
32              
32              
32              
32              
32              
32              
32              
32              
32              
32              
32              
32              
32              
32              
32              
32              
32              
32              
32              
32              
32              
32              
32              
32              
32              
32              
32              
32              
32              
32              
32              
32              
32              
32              
32              
32              
32              
32              
32              
32              
32              
32              
32              
32              
32              
32              
32              
32              
32              
32              
32              
32              
32              
32              
32              
32              
32              
32              
32              
32              
32              
32              
32              
32              
32              
32              
32              
32              
32              
32              
32              
32              
32              
32              
32              
32              
32              
32              
32              
32              
32              
32              
32              
32              
32              
32              
32              
32              
32              
32              
32              
32              
32              
32              
32              
32              
32              
32              
32              
32              
32              
32              
32              
32              
32              
32              
32              
32              
32              
32              
32              
32              
32              
32              
32              
32              
32              
32              
32              
32              
32              
32              
32              
32              
32              
32              
32              
32              
32              
32              
32              
32              
32              
32              
32              
32              
32              
32              
32              
32              
32              
32              
32              
32              
32              
32              
32              
32              
32              
32              
32              
32              
32              
32              
32              
32              
32              
32              
32              
32              
32              
32              
32              
32              
32              
32              
32              
32              
32              
32              
32              
32              
32              
32              
32              
32              
32              
32              
32              
32              
32              
32              
32              
32              
32              
32              
32              
32              
32              
32              
32              
32              
32              
32              
32              
32              
32              
32              
32              
32              
32              
32              
32              
32              
32              
32              
32              
32              
32              
32              
32              
32              
32              
32              
32              
32              
32              
32              
32              
32              
32              
32              
32              
32              
32              
32              
32              
32              
32              
32              
32              
32              
32              
32              
32              
32              
32              
32              
32              
32              
32              
32              
32              
32              
32              
32              
32              
32              
32              
32              
32              
32              
32              
32              
32              
32              
32              
32              
32              
32              
32              
32              
32              
32              
32              
32              
32              
32              
32              
32              
32              
32              
32              
32              
32              
32              
32              
32              
32              
32              
32              
32              
32              
32              
32              
32              
32              
32              
32              
32              
32              
32              
32              
32              
32              
32              
32              
32              
32              
32              
32              
32              
32              
32              
32              
32              
32              
32              
32              
32              
32              
32              
32              
32              
32              
32              
32              
32              
32              
32              
32              
32              
32              
32              
32              
32              
32              
32              
32              
32              
32              
32              
32              
32              
32              
32              
32              
32              
32              
32              
32              
32              
32              
32              
32              
32              
32              
32              
32              
32              
32              
32              
32              
32              
32              
32              
32              
32              
32              
32              
32              
32              
32              
32              
32              
32              
32              
32              
32              
32              
32              
32              
32              
32              
32              
32              
32              
32              
32              
32              
32              
32              
32              
32              
32              
32              
32              
32              
32              
32              
32              
32              
32              
32              
32              
32              
32              
32              
32              
32              
32              
32              
32              
32              
32              
32              
32              
32              
32              
32              
32              
32              
32              
32              
32              
32              
32              
32              
32              
32              
32              
32              
32              
32              
32              
32              
32              
32              
32              
32              
32              
32              
32              
32              
32              
32              
32              
32              
32              
32              
32              
32              
32              
32              
32              
32              
32              
32              
32              
32              
32              
32              
32              
32              
32              
32              
32              
32              
32              
32              
32              
32              
32              
32              
32              
32              
32              
32              
32              
32              
32              
32              
32              
32              
32              
32              
32              
32              
32              
32              
32              
32              
32              
32              
32              
32              
32              
32              
32              
32              
32              
32              
32              
32              
32              
32              
32              
32              
32              
32              
32              
32              
32              
32              
32              
32              
32              
32              
32              
32              
32              
32              
32              
32              
32              
32              
32              
32              
32              
32              
32              
32              
32              
32              
32              
32              
32              
32              
32              
32              
32              
32              
32              
32              
32              
32              
32              
32              
32              
32              
32              
32              
32              
32              
32              
32              
32              
32              
32              
32              
32              
32              
32              
32              
32              
32              
32              
32              
32              
32              
32              
32              
32              
32              
32              
32              
32              
32              
32              
32              
32              
32              
32              
32              
32              
32              
32              
32              
32              
32              
32              
32              
32              
32              
32              
32              
32              
32              
32              
32              
32              
32              
32              
32              
32              
32              
32              
32              
32              
32              
32              
32              
32              
32              
32              
32              
32              
32              
32              
32              
32              
32              
32              
32              
32              
32              
32              
32              
32              
32              
32              
32              
32              
32              
32              
32              
32              
32              
32              
32              
32              
32              
32              
32              
32              
32              
32              
32              
32              
32              
32              
32              
32              
32              
32              
32              
32              
32              
32              
32              
32              
32              
32              
32              
32              
32              
32              
32              
32              
32              
32              
32              
32              
32              
32              
32              
32              
32              
32              
32              
32              
32              
32              
32              
32              
32              
32              
32              
32              
32              
32              
32              
32              
32              
32              
32              
32              
32              
32              
32              
32              
32              
32              
32              
32              
32              
32              
32              
32              
32              
32              
32              
32              
32              
32              
32              
32              
32              
32              
32              
32              
32              
32              
32              
32              
32              
32              
32              
32              
32              
32              
32              
32              
32              
32              
32              
32              
32              
32              
32              
32              
32              
32              
32              
32              
32              
32              
32              
32              
32              
32              
32              
32              
32              
32              
32              
32              
32              
32              
32              
32              
32              
32              
32              
32              
32              
32              
32              
32              
32              
32              
32              
32              
32              
32              
32              
32              
32              
32              
32              
32              
32              
32              
32              
32              
32              
32              
32              
32              
32              
32              
32              
32              
32              
32              
32              
32              
32              
32              
32              
32              
32              
32              
32              
32              
32              
32              
32              
32              
32              
32              
32              
32              
32              
32              
32              
32              
32              
32              
32              
32              
32              
32              
32              
32              
32              
32              
32              
32              
32              
32              
32              
32              
32              
32              
32              
32              
32              
32              
32              
32              
32              
32              
32              
32              
32              
32              
32              
32              
32              
32              
32              
32              
32              
32              
32              
32              
32              
32              
32              
32              
32              
32              
32              
32              
32              
32              
32              
32              
32              
0               
70              
70              
-6              
-6              
-48             
-48             
0               
32767           
33              
40              
100             
1               
-2              
-2              
14745           
-6              
0               
-63             
-67             
-73             
-77             
-81             
-83             
-85             
-88             
-89             
-90             
-91             
-91             
-92             
-92             
-93             
-95             
-95             
-95             
-96             
-95             
-95             
-94             
-96             
-97             
-98             
-98             
-97             
-98             
-98             
-99             
-99             
-99             
-99             
-99             
-100            
-100            
-100            
-101            
-101            
-100            
-101            
-101            
-101            
-102            
-102            
-101            
-101            
-102            
-102            
-101            
-102            
-102            
-102            
-103            
-103            
-103            
-103            
-102            
-103            
-103            
-103            
-103            
-102            
-103            
-104            
-104            
-103            
-104            
-103            
-104            
-105            
-104            
-105            
-105            
-104            
-105            
-105            
-104            
-104            
-104            
-105            
-105            
-104            
-104            
-104            
-105            
-105            
-105            
-105            
-106            
-105            
-104            
-106            
-105            
-106            
-106            
-106            
-105            
-105            
-105            
-105            
-105            
-105            
-104            
-105            
-105            
-106            
-106            
-107            
-106            
-107            
-106            
-106            
-106            
-106            
-105            
-105            
-107            
-106            
-105            
-106            
-107            
-106            
-106            
-107            
-107            
-106            
-105            
-106            
-107            
-107            
-107            
-106            
-106            
-106            
-107            
-107            
-107            
-106            
-106            
-106            
-107            
-107            
-107            
-106            
-106            
-106            
-107            
-108            
-107            
-107            
-106            
-106            
-107            
-106            
-106            
-107            
-106            
-105            
-106            
-107            
-106            
-106            
-107            
-107            
-107            
-106            
-107            
-107            
-106            
-107            
-107            
-107            
-108            
-107            
-106            
-107            
-107            
-107            
-107            
-106            
-107            
-107            
-108            
-107            
-108            
-108            
-107            
-104            
-107            
-107            
-107            
-107            
-108            
-107            
-107            
-107            
-107            
-107            
-108            
-107            
-107            
-107            
-107            
-107            
-106            
-107            
-107            
-107            
-108            
-107            
-107            
-107            
-107            
-108            
-108            
-109            
-107            
-106            
-107            
-107            
-108            
-106            
-107            
-108            
-107            
-106            
-107            
-107            
-108            
-108            
-107            
-108            
-107            
-107            
-107            
-107            
-107            
-107            
-106            
-108            
-108            
-107            
-106            
-106            
-107            
-107            
-107            
-108            
-107            
-107            
-107            
-108            
-108            
-108            
-107            
-107            
-107            
-107            
-107            
-107            
-107            
-107            
-107            
-107            
-107            
-107            
-107            
-107            
-107            
-108            
-106            
-107            
-106            
-106            
-107            
-107            
-107            
-107            
-107            
-106            
-106            
-106            
-106            
-106            
-105            
-106            
-105            
-106            
-106            
-106            
-105            
-104            
-106            
-106            
-106            
-105            
-105            
-105            
-104            
-104            
-104            
-104            
-105            
-104            
-104            
-104            
-104            
-103            
-103            
-105            
-104            
-104            
-103            
-103            
-103            
-103            
-102            
-102            
-102            
-102            
-101            
-101            
-101            
-101            
-101            
-102            
-101            
-102            
-102            
-101            
-100            
-101            
-101            
-102            
-102            
-102            
-101            
-102            
-101            
-99             
-101            
-102            
-103            
-102            
-102            
-102            
-102            
-102            
-103            
-103            
-104            
-103            
-103            
-104            
-104            
-104            
-104            
-104            
-104            
-105            
-105            
-104            
-105            
-105            
-105            
-105            
-105            
-105            
-106            
-105            
-106            
-106            
-105            
-106            
-105            
-106            
-107            
-106            
-106            
-107            
-106            
-108            
-107            
-106            
-107            
-107            
-106            
-108            
-108            
-107            
-107            
-107            
-107            
-107            
-107            
-106            
-108            
-108            
-108            
-107            
-106            
-107            
-107            
-107            
-107            
-106            
-107            
-106            
-106            
-108            
-108            
-108            
-106            
-106            
-107            
-108            
-107            
-107            
-107            
-107            
-107            
-108            
-107            
-106            
-106            
-108            
-107            
-106            
-107            
-106            
-107            
-107            
-108            
-107            
-107            
-108            
-108            
-107            
-108            
-106            
-107            
-108            
-107            
-107            
-107            
-107            
-107            
-106            
-107            
-106            
-106            
-106            
-106            
-106            
-105            
-104            
-103            
-103            
-105            
-105            
-105            
-106            
-106            
-106            
-105            
-107            
-107            
-106            
-106            
-107            
-107            
-108            
-107            
-107            
-107            
-108            
-108            
-107            
-107            
-107            
-107            
-107            
-107            
-108            
-107            
-107            
-107            
-107            
-108            
-108            
-107            
-108            
-108            
-108            
-108            
-108            
-108            
-108            
-108            
-108            
-108            
-108            
-108            
-108            
-108            
-107            
-108            
-109            
-109            
-111            
-111            
-112            
-63             
-66             
-72             
-77             
-81             
-83             
-85             
-88             
-89             
-90             
-91             
-91             
-91             
-90             
-93             
-95             
-94             
-95             
-96             
-97             
-96             
-96             
-97             
-98             
-98             
-98             
-98             
-98             
-98             
-98             
-99             
-100            
-100            
-101            
-100            
-100            
-100            
-100            
-100            
-100            
-101            
-101            
-102            
-102            
-101            
-102            
-102            
-101            
-102            
-101            
-102            
-103            
-103            
-103            
-102            
-102            
-103            
-103            
-104            
-104            
-102            
-103            
-103            
-103            
-104            
-104            
-104            
-104            
-104            
-104            
-104            
-104            
-104            
-103            
-104            
-104            
-104            
-105            
-104            
-104            
-105            
-105            
-104            
-105            
-105            
-105            
-104            
-105            
-105            
-105            
-105            
-105            
-105            
-105            
-104            
-105            
-104            
-104            
-105            
-105            
-105            
-106            
-105            
-105            
-105            
-106            
-106            
-106            
-106            
-106            
-106            
-106            
-107            
-106            
-106            
-106            
-107            
-107            
-106            
-106            
-107            
-106            
-106            
-107            
-107            
-106            
-106            
-106            
-106            
-106            
-107            
-107            
-106            
-106            
-107            
-108            
-107            
-106            
-106            
-106            
-106            
-106            
-107            
-106            
-106            
-106            
-107            
-106            
-106            
-106            
-107            
-106            
-106            
-106            
-107            
-107            
-107            
-106            
-106            
-107            
-106            
-107            
-106            
-107            
-107            
-106            
-106            
-106            
-107            
-107            
-107            
-106            
-107            
-107            
-107            
-105            
-106            
-107            
-107            
-107            
-108            
-106            
-106            
-105            
-106            
-107            
-106            
-107            
-106            
-107            
-107            
-107            
-106            
-107            
-107            
-108            
-105            
-105            
-108            
-107            
-107            
-107            
-107            
-106            
-107            
-106            
-107            
-108            
-107            
-106            
-107            
-107            
-108            
-107            
-107            
-107            
-107            
-107            
-107            
-107            
-107            
-108            
-107            
-107            
-107            
-107            
-107            
-107            
-108            
-108            
-107            
-107            
-108            
-107            
-107            
-107            
-107            
-107            
-107            
-106            
-107            
-107            
-107            
-105            
-106            
-107            
-107            
-107            
-107            
-106            
-107            
-107            
-107            
-107            
-106            
-106            
-107            
-106            
-107            
-107            
-107            
-107            
-106            
-106            
-106            
-106            
-107            
-106            
-106            
-107            
-107            
-106            
-106            
-106            
-107            
-106            
-106            
-106            
-106            
-106            
-106            
-106            
-106            
-106            
-106            
-106            
-107            
-106            
-106            
-106            
-106            
-106            
-106            
-106            
-106            
-106            
-105            
-106            
-106            
-106            
-106            
-105            
-105            
-105            
-106            
-106            
-105            
-106            
-106            
-105            
-105            
-105            
-105            
-104            
-105            
-105            
-105            
-105            
-104            
-105            
-105            
-105            
-104            
-104            
-103            
-104            
-103            
-104            
-104            
-103            
-103            
-103            
-103            
-102            
-103            
-102            
-102            
-102            
-102            
-101            
-101            
-101            
-101            
-101            
-100            
-100            
-100            
-101            
-101            
-100            
-100            
-100            
-100            
-100            
-100            
-100            
-100            
-100            
-101            
-101            
-101            
-100            
-100            
-101            
-101            
-101            
-100            
-101            
-102            
-103            
-101            
-101            
-101            
-101            
-101            
-102            
-101            
-102            
-103            
-103            
-102            
-102            
-103            
-104            
-103            
-103            
-103            
-104            
-103            
-104            
-104            
-105            
-105            
-105            
-105            
-105            
-106            
-104            
-105            
-105            
-104            
-105            
-106            
-106            
-106            
-107            
-106            
-107            
-106            
-105            
-106            
-106            
-106            
-107            
-106            
-107            
-107            
-107            
-106            
-106            
-105            
-106            
-107            
-107            
-107            
-107            
-107            
-106            
-106            
-106            
-106            
-107            
-107            
-107            
-107            
-107            
-107            
-106            
-106            
-107            
-107            
-107            
-108            
-107            
-107            
-107            
-108            
-107            
-108            
-107            
-107            
-107            
-106            
-106            
-107            
-107            
-107            
-107            
-107            
-106            
-107            
-107            
-107            
-108            
-107            
-107            
-107            
-106            
-108            
-108            
-108            
-107            
-107            
-107            
-107            
-108            
-107            
-108            
-108            
-108            
-108            
-107            
-108            
-108            
-107            
-106            
-105            
-107            
-107            
-107            
-107            
-107            
-108            
-109            
-108            
-108            
-107            
-108            
-109            
-108            
-108            
-108            
-107            
-107            
-108            
-108            
-109            
-108            
-108            
-110            
-110            
-110            
-111            
0               
1638            
655             
9830            
300             
300             
0               
-15             
0               
-4              
0               
-15             
0               
6               
-20             
-3              
2344            
4687            
0               
0               
0               
32767           
0               
-20             
1               
0               
20              
0               
20              
1               
0               
165             
100             
3072            
600             
100             
4096            
2000            
200             
4096            
4000            
400             
1024            
7000            
400             
-7885           
6932            
1200            
-8653           
9306            
400             
-7782           
13105           
800             
973             
13857           
1000            
0               
15005           
100             
2               
0               
200             
100             
-16             
2000            
100             
-16             
1               
1               
1               
20              
3               
0               
20              
0               
0               
10              
2000            
-85             
-80             
0               
0               
0               
-96             
-80             
0               
0               
0               
0               
0               
1               
700             
2               
0               
20              
0               
0               
2000            
2000            
-96             
0               
0               
0               
0               
-96             
0               
0               
0               
0               
1               
0               
1               
20              
2               
1               
20              
0               
0               
10000           
10000           
-96             
0               
0               
0               
0               
-96             
0               
0               
0               
0               
1               
0               
1               
20              
2               
1               
20              
0               
0               
10000           
10000           
-96             
0               
0               
0               
0               
-96             
0               
0               
0               
0               
1               
0               
1               
20              
2               
1               
20              
0               
0               
10000           
10000           
-96             
0               
0               
0               
0               
-96             
0               
0               
0               
0               
1               
0               
1               
20              
5               
0               
20              
0               
0               
300             
10000           
-96             
-45             
-30             
-22             
0               
-96             
-45             
-25             
-18             
-13             
0               
0               
1               
-1              
10              
0               
27233           
20              
0               
0               
0               
0               
0               
0               
0               
0               
165             
0               
0               
0               
0               
0               
0               
0               
0               
1               
2               
1               
-20             
-20             
-40             
-20             
-76             
-31             
0               
15              
96              
86              
6826            
6826            
6826            
6826            
6826            
6826            
6826            
6826            
6826            
6826            

// Volume 0
